0.000000000000000000e+00 3.025899532854124385e-01 1.528408327991311044e-01
8.874899616189372425e-04 3.025797628504398040e-01 1.528356855212691101e-01
1.774920139341576615e-03 3.025491903822133954e-01 1.528202431000858785e-01
2.662230720737143383e-03 3.024982323900653469e-01 1.527945037724144917e-01
3.549361836269530196e-03 3.024268830537868435e-01 1.527584645984165768e-01
4.436253530653582952e-03 3.023351342199806502e-01 1.527121214597398358e-01
5.322845734101871833e-03 3.022229753969471466e-01 1.526554690569350559e-01
6.209078233425032595e-03 3.020903937480959867e-01 1.525885009061280773e-01
7.094890642948395443e-03 3.019373740838730558e-01 1.525112093349422493e-01
7.980222375207157368e-03 3.017638988521912924e-01 1.524235854776648247e-01
8.865012611381830818e-03 3.015699481273498850e-01 1.523256192696499922e-01
9.749200271435023296e-03 3.013554995974258022e-01 1.522172994409502211e-01
1.063272398390989297e-02 3.011205285501176165e-01 1.520986135091658698e-01
1.151552205534974414e-02 3.008650078570205277e-01 1.519695477715022891e-01
1.239753243929730617e-02 3.005889079563076605e-01 1.518300872960220982e-01
1.327869270483114997e-02 3.002921968337915470e-01 1.516802159120791138e-01
1.415894000459553409e-02 2.999748400023356520e-01 1.515199161999189192e-01
1.503821104227868327e-02 2.996368004795839091e-01 1.513491694794299458e-01
1.591644203949304712e-02 2.992780387639736306e-01 1.511679557980272481e-01
1.679356870200957377e-02 2.988985128089930998e-01 1.509762539176498775e-01
1.766952618529633173e-02 2.984981779956431547e-01 1.507740413008510083e-01
1.854424905930996195e-02 2.980769871030586882e-01 1.505612940959585311e-01
1.941767127248647182e-02 2.976348902772422700e-01 1.503379871212821572e-01
2.028972611487572797e-02 2.971718349978590412e-01 1.501040938483412523e-01
2.116034618036170128e-02 2.966877660430383701e-01 1.498595863840857800e-01
2.202946332790797421e-02 2.961826254521238155e-01 1.496044354520811026e-01
2.289700864176536996e-02 2.956563524863092818e-01 1.493386103726248582e-01
2.376291239057565230e-02 2.951088835870949167e-01 1.490620790417626629e-01
2.462710398530208733e-02 2.945401523324918114e-01 1.487748079091668063e-01
2.548951193591435585e-02 2.939500893909004486e-01 1.484767619548397755e-01
2.635006380675168972e-02 2.933386224725825220e-01 1.481679046646022513e-01
2.720868617048419202e-02 2.927056762786408028e-01 1.478481980043224731e-01
2.806530456058818970e-02 2.920511724474167403e-01 1.475176023928411184e-01
2.891984342224699842e-02 2.913750294982092592e-01 1.471760766735431825e-01
2.977222606158363982e-02 2.906771627722123386e-01 1.468235780845250360e-01
3.062237459312694421e-02 2.899574843705629013e-01 1.464600622273019292e-01
3.147020988540692732e-02 2.892159030893836635e-01 1.460854830339974875e-01
3.231565150456935237e-02 2.884523243516980417e-01 1.456997927329533593e-01
3.315861765589304261e-02 2.876666501360872763e-01 1.453029418126933481e-01
3.399902512308662639e-02 2.868587789019513279e-01 1.448948789841719709e-01
3.483678920523396866e-02 2.860286055112268855e-01 1.444755511412335602e-01
3.567182365124968446e-02 2.851760211464061667e-01 1.440449033192029160e-01
3.650404059169745641e-02 2.843009132246913095e-01 1.436028786515238242e-01
3.733335046781481592e-02 2.834031653081075519e-01 1.431494183243565144e-01
3.815966195757796581e-02 2.824826570093887379e-01 1.426844615290395468e-01
3.898288189862970238e-02 2.815392638934353653e-01 1.422079454123154618e-01
3.980291520788181714e-02 2.805728573741336218e-01 1.417198050242131913e-01
4.061966479759099302e-02 2.795833046063105898e-01 1.412199732634736027e-01
4.143303148769376942e-02 2.785704683725847564e-01 1.407083808203967723e-01
4.224291391417165503e-02 2.775342069648575327e-01 1.401849561169822567e-01
4.304920843320172302e-02 2.764743740601727229e-01 1.396496252442246955e-01
4.385180902083109927e-02 2.753908185906544515e-01 1.391023118964182792e-01
4.465060716789538697e-02 2.742833846072142978e-01 1.385429373023140398e-01
4.544549176988110784e-02 2.731519111366971231e-01 1.379714201529629036e-01
4.623634901141072256e-02 2.719962320321138716e-01 1.373876765260670929e-01
4.702306224500529819e-02 2.708161758155849808e-01 1.367916198066493616e-01
4.780551186375454897e-02 2.696115655135919997e-01 1.361831606038371723e-01
4.858357516749622906e-02 2.683822184841078151e-01 1.355622066635446821e-01
4.935712622207681644e-02 2.671279462351450751e-01 1.349286627768199187e-01
5.012603571123275259e-02 2.658485542342303165e-01 1.342824306836085668e-01
5.089017078059569071e-02 2.645438417082759397e-01 1.336234089716674955e-01
5.164939487328636808e-02 2.632136014332840390e-01 1.329514929703423110e-01
5.240356755651916221e-02 2.618576195132748530e-01 1.322665746389022623e-01
5.315254433859301769e-02 2.604756751477878551e-01 1.315685424491029321e-01
5.389617647559349217e-02 2.590675403872551019e-01 1.308572812616231595e-01
5.463431076707511019e-02 2.576329798754927736e-01 1.301326721959953636e-01
5.536678933993215840e-02 2.561717505785010007e-01 1.293945924936198699e-01
5.609344941959908820e-02 2.546836014986979535e-01 1.286429153734220954e-01
5.681412308764812596e-02 2.531682733736465574e-01 1.278775098796767762e-01
5.752863702477073460e-02 2.516254983582587035e-01 1.270982407214864551e-01
5.823681223804044044e-02 2.500549996893788873e-01 1.263049681033598937e-01
5.893846377125626368e-02 2.484564913315622514e-01 1.254975475462913048e-01
5.963340039705747331e-02 2.468296776027633643e-01 1.246758296986925918e-01
6.032142428938046252e-02 2.451742527785465420e-01 1.238396601364764871e-01
6.100233067469573028e-02 2.434899006733112492e-01 1.229888791515298119e-01
6.167590746031591242e-02 2.417762941968978896e-01 1.221233215277511969e-01
6.234193483790243656e-02 2.400330948847980150e-01 1.212428163037561762e-01
6.300018486011683960e-02 2.382599524000382218e-01 1.203471865212743241e-01
6.365042098816089955e-02 2.364565040046346100e-01 1.194362489581763526e-01
6.429239760772438583e-02 2.346223739983268886e-01 1.185098138449737215e-01
6.492585951060796112e-02 2.327571731220907936e-01 1.175676845635276330e-01
6.555054133900752034e-02 2.308604979236973109e-01 1.166096573265873321e-01
6.616616698913149741e-02 2.289319300823295655e-01 1.156355208366482978e-01
6.677244897046928640e-02 2.269710356889843295e-01 1.146450559224766602e-01
6.736908771663202566e-02 2.249773644790676042e-01 1.136380351514865855e-01
6.795577084323990713e-02 2.229504490132418748e-01 1.126142224159790289e-01
6.853217234782615908e-02 2.208898038021887278e-01 1.115733724910516339e-01
6.909795174615784852e-02 2.187949243705112901e-01 1.105152305617677355e-01
6.965275313872894281e-02 2.166652862545095926e-01 1.094395317169238879e-01
7.019620420044862807e-02 2.145003439280101787e-01 1.083460004064770027e-01
7.072791508571621422e-02 2.122995296498128848e-01 1.072343498593796435e-01
7.124747724012538141e-02 2.100622522256209990e-01 1.061042814582201094e-01
7.175446210895804200e-02 2.077878956765363827e-01 1.049554840666676869e-01
7.224841973138859674e-02 2.054758178053143758e-01 1.037876333052754341e-01
7.272887720789747434e-02 2.031253486505704975e-01 1.026003907706864865e-01
7.319533702675748432e-02 2.007357888179933103e-01 1.013934031927150453e-01
7.364727523357050831e-02 1.983064076763248196e-01 1.001663015231203241e-01
7.408413942565181265e-02 1.958364414043978485e-01 9.891869994914803677e-02
7.450534655053094035e-02 1.933250908738388396e-01 9.765019482406500639e-02
7.491028048489914437e-02 1.907715193501210160e-01 9.636036350594108513e-02
7.529828936690506624e-02 1.881748499924473517e-01 9.504876309481812002e-02
7.566868265069057187e-02 1.855341631304052996e-01 9.371492905712441868e-02
7.602072784735224020e-02 1.828484932924106243e-01 9.235837372471575324e-02
7.635364691097229484e-02 1.801168259575758324e-01 9.097858465421571061e-02
7.666661222181384017e-02 1.773380939987185823e-01 8.957502283034805834e-02
7.695874211100824092e-02 1.745111737796666840e-01 8.814712069465138744e-02
7.722909586181532504e-02 1.716348808647004676e-01 8.669427997828094146e-02
7.747666811148314070e-02 1.687079652917544692e-01 8.521586931446138713e-02
7.770038256446620828e-02 1.657291063537010278e-01 8.371122160246753652e-02
7.789908491176442129e-02 1.626969068234438431e-01 8.217963109066853122e-02
7.807153483177022013e-02 1.596098865483928098e-01 8.062035014104108888e-02
7.821639692443237146e-02 1.564664753278476872e-01 7.903258563147363969e-02
7.833223040170138318e-02 1.532650049724806618e-01 7.741549494494152917e-02
7.841747732175130547e-02 1.500037004279781983e-01 7.576818148598082892e-02
7.847044911060566119e-02 1.466806698243510176e-01 7.408968965450776767e-02
7.848931106022123683e-02 1.432938932876675342e-01 7.237899919452740749e-02
7.847206442376090940e-02 1.398412103210220359e-01 7.063501882015020550e-02
7.841652564268218606e-02 1.363203055251716589e-01 6.885657900296091039e-02
7.832030213098535587e-02 1.327286923848880196e-01 6.704242378236284494e-02
7.818076390222354621e-02 1.290636947926626643e-01 6.519120143303992754e-02
7.799501014475732075e-02 1.253224259144195274e-01 6.330145378984308735e-02
7.775982961659175241e-02 1.215017639190447557e-01 6.137160398856343624e-02
7.747165342398616705e-02 1.175983239906451955e-01 5.939994232907921251e-02
7.712649834118093239e-02 1.136084259141109248e-01 5.738460990253976129e-02
7.671989828403415201e-02 1.095280563639108307e-01 5.532357954310626602e-02
7.624682081327456562e-02 1.053528248243705556e-01 5.321463356289846819e-02
7.570156453324018708e-02 1.010779118160487905e-01 5.105533760068439036e-02
7.507763185023953734e-02 9.669800778392144414e-02 4.884300975376744403e-02
7.436756958114444649e-02 9.220724060344563655e-02 4.657468396066511557e-02
7.356276708100441264e-02 8.759908916410524826e-02 4.424706635140177036e-02
7.265319745510645522e-02 8.286627988439812520e-02 4.185648297632325182e-02
7.162708134264689219e-02 7.800066230001118095e-02 3.939881696459566346e-02
7.047044357058028508e-02 7.299305909232271794e-02 3.686943277228976051e-02
6.916651877015012051e-02 6.783308523543360447e-02 3.426308483196408017e-02
6.769493953138211451e-02 6.250893073446570081e-02 3.157380781187867080e-02
6.603060397642725177e-02 5.700710270020679926e-02 2.879478633564158327e-02
6.414205795277708178e-02 5.131212769275973057e-02 2.591820463338183680e-02
6.198911970582227787e-02 4.540623039355985713e-02 2.293508423617410599e-02
5.951928066823655022e-02 3.926904502456744772e-02 1.983513821134795865e-02
5.666204897999942841e-02 3.287752203774781112e-02 1.660672403052790291e-02
5.331967492495946759e-02 2.620647809850144838e-02 1.323712137107580476e-02
4.935118223004153482e-02 1.923104525028035763e-02 9.713769210566630674e-03
4.454333264457847885e-02 1.193473729984818876e-02 6.028340228557076130e-03
3.855494190278033889e-02 4.335115765596243148e-03 2.189704901634355935e-03
3.080813816885793685e-02 -3.430031689983076802e-03 -1.732539016356344618e-03
2.031940945965055728e-02 -1.079052831230502274e-02 -5.450390258131578014e-03
6.003003519489352388e-03 -1.574850233490909107e-02 -7.954706314839856199e-03
-1.014912505477972259e-02 -1.486385200438441676e-02 -7.507861692983291632e-03
-2.336026675154675644e-02 -8.891289819770081815e-03 -4.491068278893891458e-03
-3.290106401818222032e-02 -1.260885443010211632e-03 -6.368842688977589817e-04
-3.997907385428592364e-02 6.537287682702692254e-03 3.302041204022836303e-03
-4.546484958681650673e-02 1.410050696318008306e-02 7.122289434076474815e-03
-4.986476395765709890e-02 2.133776831496658061e-02 1.077789346250453834e-02
-5.348219987710377960e-02 2.824556566696322449e-02 1.426708234211992478e-02
-5.650979407123093295e-02 3.484483385455340587e-02 1.760043044143608931e-02
-5.907663205494675940e-02 4.116179730037215767e-02 2.079118394576650458e-02
-6.127321108294219582e-02 4.722194668613834828e-02 2.385221842146831306e-02
-6.316538249416935036e-02 5.304828693778705639e-02 2.679515385790409362e-02
-6.480256246575025192e-02 5.866103747210529851e-02 2.963020325939499933e-02
-6.622279989371737674e-02 6.407781595814172892e-02 3.236626546471653432e-02
-6.745603416672836528e-02 6.931395744601766273e-02 3.501108634185310514e-02
-6.852626402665050465e-02 7.438284340013995299e-02 3.757142498555261778e-02
-6.945303590558901674e-02 7.929619859194562970e-02 4.005320368044928275e-02
-7.025249254177401426e-02 8.406434549167265957e-02 4.246163639657279942e-02
-7.093812903250198976e-02 8.869641746860507103e-02 4.480133647865743723e-02
-7.152134914722496628e-02 9.320053588549419288e-02 4.707640609808364657e-02
-7.201188211919520854e-02 9.758395686697377003e-02 4.929051038688860714e-02
-7.241809997256831721e-02 1.018531930860914758e-01 5.144693895320882893e-02
-7.274726263471471832e-02 1.060141151407082843e-01 5.354865708738643093e-02
-7.300570974874673325e-02 1.100720362946878972e-01 5.559834856548533794e-02
-7.319901255729284462e-02 1.140317836486681308e-01 5.759845159827056693e-02
-7.333209546712218807e-02 1.178977582100684540e-01 5.955118917309462634e-02
-7.340933430578028274e-02 1.216739858477750430e-01 6.145859479155470900e-02
-7.343463645655821936e-02 1.253641607287137860e-01 6.332253440968578506e-02
-7.341150675707606987e-02 1.289716825243328591e-01 6.514472523128045367e-02
-7.334310210619994497e-02 1.324996884293140886e-01 6.692675188082017335e-02
-7.323227703528784049e-02 1.359510808394788772e-01 6.867008038382772794e-02
-7.308162198943035648e-02 1.393285513801925113e-01 7.037607030382449225e-02
-7.289349568202829754e-02 1.426346018521365555e-01 7.204598532222324103e-02
-7.267005259667901063e-02 1.458715625614643296e-01 7.368100249705016036e-02
-7.241326648922744025e-02 1.490416084208877334e-01 7.528222039574458679e-02
-7.212495057236473217e-02 1.521467731431106474e-01 7.685066626438642745e-02
-7.180677493262591082e-02 1.551889617950676925e-01 7.838730236895201375e-02
-7.146028162579332044e-02 1.581699619381744248e-01 7.989303162235193712e-02
-7.108689781474400449e-02 1.610914535443105089e-01 8.136870259308089104e-02
-7.068794724862688394e-02 1.639550178480165543e-01 8.281511397653971984e-02
-7.026466033013052670e-02 1.667621452711871011e-01 8.423301859786724854e-02
-6.981818297563997799e-02 1.695142425364321581e-01 8.562312700496137186e-02
-6.934958443910202441e-02 1.722126390684986519e-01 8.698611070189303518e-02
-6.885986424275060414e-02 1.748585927690860242e-01 8.832260506581615656e-02
-6.834995833519631747e-02 1.774532952385685092e-01 8.963321198450523164e-02
-6.782074457875221507e-02 1.799978765081594878e-01 9.091850224661290891e-02
-6.727304765246724938e-02 1.824934093376012478e-01 9.217901771247070941e-02
-6.670764344455050454e-02 1.849409131262806372e-01 9.341527328962777321e-02
-6.612526299720414280e-02 1.873413574795451120e-01 9.462775873422829553e-02
-6.552659605795239928e-02 1.896956654667528441e-01 9.581694029668112733e-02
-6.491229428404497737e-02 1.920047166030931507e-01 9.698326222780337402e-02
-6.428297414017684897e-02 1.942693495833428541e-01 9.812714815966465387e-02
-6.363921952439954843e-02 1.964903647923818553e-01 9.924900237367044464e-02
-6.298158415253740650e-02 1.986685266143995432e-01 1.003492109669625182e-01
-6.231059372753269820e-02 2.008045655602127832e-01 1.014281429269457829e-01
-6.162674791681584802e-02 2.028991802299314473e-01 1.024861511226478755e-01
-6.093052215794145937e-02 2.049530391263020279e-01 1.035235732206548492e-01
-6.022236931027348528e-02 2.069667823323927125e-01 1.045407325325246051e-01
-5.950272116838167813e-02 2.089410230658229062e-01 1.055379387998418295e-01
-5.877198985097588368e-02 2.108763491204561358e-01 1.065154889224296519e-01
-5.803056907761176830e-02 2.127733242053455875e-01 1.074736676346628034e-01
-5.727883534401582988e-02 2.146324891897240794e-01 1.084127481343229032e-01
-5.651714900566918998e-02 2.164543632619487512e-01 1.093329926679915964e-01
-5.574585527823308628e-02 2.182394450095296035e-01 1.102346530765823535e-01
-5.496528516247364132e-02 2.199882134266773204e-01 1.111179713042618061e-01
-5.417575630053062669e-02 2.217011288551898329e-01 1.119831798736996425e-01
-5.337757376965982653e-02 2.233786338639467128e-01 1.128305023303090293e-01
-5.257103081894803909e-02 2.250211540717908798e-01 1.136601536578913108e-01
-5.175640955394252701e-02 2.266290989181381499e-01 1.144723406678776617e-01
-5.093398157364351087e-02 2.282028623852627169e-01 1.152672623641617655e-01
-5.010400856387079577e-02 2.297428236758540521e-01 1.160451102853397587e-01
-4.926674285062693920e-02 2.312493478491246812e-01 1.168060688260138397e-01
-4.842242791673342234e-02 2.327227864184629180e-01 1.175503155386718734e-01
-4.757129888470770090e-02 2.341634779133684174e-01 1.182780214175259692e-01
-4.671358296857355819e-02 2.355717484081764346e-01 1.189893511655757269e-01
-4.584949989705074114e-02 2.369479120198673128e-01 1.196844634460561690e-01
-4.497926231034900940e-02 2.382922713770683487e-01 1.203635111193346735e-01
-4.410307613259361464e-02 2.396051180621832088e-01 1.210266414662344303e-01
-4.322114092173118954e-02 2.408867330284282515e-01 1.216739963986830930e-01
-4.233365019860484829e-02 2.421373869934133338e-01 1.223057126585139487e-01
-4.144079175674286047e-02 2.433573408107761460e-01 1.229219220051816358e-01
-4.054274795427503797e-02 2.445468458212609608e-01 1.235227513930950982e-01
-3.963969598927324228e-02 2.457061441845263816e-01 1.241083231392165892e-01
-3.873180815970598406e-02 2.468354691928681122e-01 1.246787550815257467e-01
-3.781925210910061508e-02 2.479350455679538157e-01 1.252341607289030323e-01
-3.690219105891912738e-02 2.490050897415849729e-01 1.257746494029449713e-01
-3.598078402857425584e-02 2.500458101214257933e-01 1.263003263721861336e-01
-3.505518604394036036e-02 2.510574073425700381e-01 1.268112929791677390e-01
-3.412554833514791497e-02 2.520400745057537195e-01 1.273076467607610340e-01
-3.319201852439070122e-02 2.529939974029633554e-01 1.277894815621239133e-01
-3.225474080442019414e-02 2.539193547311359156e-01 1.282568876446426864e-01
-3.131385610835199507e-02 2.548163182945968330e-01 1.287099517881852562e-01
-3.036950227136365685e-02 2.556850531968380413e-01 1.291487573879699091e-01
-2.942181418482175612e-02 2.565257180221943711e-01 1.295733845463316325e-01
-2.847092394333810769e-02 2.573384650079391101e-01 1.299839101596491353e-01
-2.751696098522017978e-02 2.581234402072829504e-01 1.303804080006769617e-01
-2.656005222674892932e-02 2.588807836437270193e-01 1.307629487965105974e-01
-2.560032219068809206e-02 2.596106294571899897e-01 1.311316003023965948e-01
-2.463789312940212542e-02 2.603131060423007348e-01 1.314864273715853349e-01
-2.367288514293542506e-02 2.609883361792206258e-01 1.318274920214105306e-01
-2.270541629238287396e-02 2.616364371573352554e-01 1.321548534957669996e-01
-2.173560270886100085e-02 2.622575208921317791e-01 1.324685683241464962e-01
-2.076355869837001947e-02 2.628516940355569154e-01 1.327686903773804272e-01
-1.978939684281944694e-02 2.634190580801294979e-01 1.330552709202280082e-01
-1.881322809747395380e-02 2.639597094570634295e-01 1.333283586609390892e-01
-1.783516188506129377e-02 2.644737396286387376e-01 1.335879997979114997e-01
-1.685530618677053699e-02 2.649612351750415540e-01 1.338342380635547391e-01
-1.587376763035639946e-02 2.654222778758785761e-01 1.340671147654636797e-01
-1.489065157555395473e-02 2.658569447865566371e-01 1.342866688249984841e-01
-1.390606219699752968e-02 2.662653083097038520e-01 1.344929368133600533e-01
-1.292010256482792330e-02 2.666474362617958782e-01 1.346859529852436066e-01
-1.193287472316328923e-02 2.670033919351386675e-01 1.348657493101466098e-01
-1.094447976660095113e-02 2.673332341553464886e-01 1.350323555014014965e-01
-9.955017914910074817e-03 2.676370173344433945e-01 1.351857990429976841e-01
-8.964588586068420253e-03 2.679147915197055418e-01 1.353261052142522292e-01
-7.973290467790352526e-03 2.681666024383512203e-01 1.354532971123831586e-01
-6.981221587687786584e-03 2.683924915381759035e-01 1.355673956730346075e-01
-5.988479382200847037e-03 2.685924960242201398e-01 1.356684196887980587e-01
-4.995160764430590233e-03 2.687666488915492202e-01 1.357563858257696543e-01
-4.001362191002258775e-03 2.689149789542143454e-01 1.358313086381787715e-01
-3.007179728084095199e-03 2.690375108704574081e-01 1.358932005811191446e-01
-2.012709116683777336e-03 2.691342651642121275e-01 1.359420720214092049e-01
-1.018045837342003218e-03 2.692052582429472207e-01 1.359779312466049828e-01
-2.328517434064289286e-05 2.692505024118891921e-01 1.360007844721840553e-01
9.714777204588203111e-04 2.692700058846542177e-01 1.360106358469158061e-01
1.966147764032134121e-03 2.692637727903116618e-01 1.360074874564293212e-01
2.960629878750880000e-03 2.692318031768936026e-01 1.359913393249859992e-01
3.954828928969815645e-03 2.691740930113579178e-01 1.359621894154609545e-01
4.948649657530064527e-03 2.690906341760044840e-01 1.359200336275328824e-01
5.941996622064991268e-03 2.689814144613372759e-01 1.358648657940784987e-01
6.934774130994959124e-03 2.688464175553570978e-01 1.357966776757642824e-01
7.926886179096108778e-03 2.686856230292621883e-01 1.357154589538237532e-01
8.918236382526874284e-03 2.684990063195273335e-01 1.356211972210053796e-01
9.908727913194092379e-03 2.682865387063226859e-01 1.355138779706718810e-01
1.089826343233831624e-02 2.680481872882274907e-01 1.353934845840277235e-01
1.188674502321523767e-02 2.677839149531843210e-01 1.352599983154480490e-01
1.287407412274701492e-02 2.674936803456324785e-01 1.351133982758773167e-01
1.386015145201368107e-02 2.671774378297495645e-01 1.349536614142623214e-01
1.484487694545075925e-02 2.668351374487223926e-01 1.347807624969796780e-01
1.582814967861461211e-02 2.664667248799588162e-01 1.345946740852128065e-01
1.680986779437194933e-02 2.660721413861429907e-01 1.343953665102295691e-01
1.778992842736423774e-02 2.656513237620262147e-01 1.341828078465058804e-01
1.876822762659149241e-02 2.652042042768359975e-01 1.339569638826359488e-01
1.974466027595301112e-02 2.647307106121743470e-01 1.337177980899642571e-01
2.071912001257503536e-02 2.642307657952661093e-01 1.334652715888685892e-01
2.169149914274701163e-02 2.637042881274051509e-01 1.331993431126177185e-01
2.266168855527906506e-02 2.631511911074346788e-01 1.329199689687205199e-01
2.362957763208333589e-02 2.625713833500840644e-01 1.326271029976772708e-01
2.459505415577107820e-02 2.619647684989710457e-01 1.323206965290362747e-01
2.555800421404558209e-02 2.613312451340631948e-01 1.320006983346517504e-01
2.651831210065819927e-02 2.606707066733764400e-01 1.316670545790311064e-01
2.747586021268074233e-02 2.599830412686727210e-01 1.313197087666507223e-01
2.843052894383242546e-02 2.592681316948997061e-01 1.309586016861110369e-01
2.938219657358287148e-02 2.585258552330973458e-01 1.305836713509916369e-01
3.033073915173487012e-02 2.577560835464755562e-01 1.301948529372570218e-01
3.127603037817090065e-02 2.569586825493453408e-01 1.297920787170525614e-01
3.221794147742625125e-02 2.561335122685626242e-01 1.293752779887185345e-01
3.315634106772832185e-02 2.552804266971188674e-01 1.289443770028374792e-01
3.409109502411650228e-02 2.543992736394856125e-01 1.284992988841164030e-01
3.502206633522961937e-02 2.534898945482915722e-01 1.280399635488909393e-01
3.594911495331776924e-02 2.525521243518795145e-01 1.275662876180227723e-01
3.687209763700297072e-02 2.515857912722565537e-01 1.270781843249448040e-01
3.779086778627708393e-02 2.505907166329154889e-01 1.265755634185899703e-01
3.870527526918678823e-02 2.495667146559658878e-01 1.260583310609204311e-01
3.961516623961257311e-02 2.485135922479710102e-01 1.255263897187518796e-01
4.052038294550226044e-02 2.474311487738409254e-01 1.249796380495450249e-01
4.142076352686847179e-02 2.463191758180830193e-01 1.244179707808110852e-01
4.231614180280360987e-02 2.451774569326564956e-01 1.238412785827509299e-01
4.320634704670452825e-02 2.440057673706198249e-01 1.232494479337180454e-01
4.409120374883176291e-02 2.428038738046957301e-01 1.226423609780632890e-01
4.497053136525411277e-02 2.415715340298096592e-01 1.220198953758844240e-01
4.584414405214794902e-02 2.403084966485818097e-01 1.213819241441653901e-01
4.671185038433083025e-02 2.390145007386704490e-01 1.207283154887485443e-01
4.757345305681007913e-02 2.376892755007745939e-01 1.200589326265377177e-01
4.842874856801764050e-02 2.363325398860052495e-01 1.193736335972801488e-01
4.927752688328176922e-02 2.349440022012267981e-01 1.186722710642209716e-01
5.011957107695227259e-02 2.335233596908520559e-01 1.179546921028642587e-01
5.095465695144790752e-02 2.320702980934446213e-01 1.172207379770089652e-01
5.178255263132987979e-02 2.305844911713394452e-01 1.164702439011561924e-01
5.260301813032262908e-02 2.290656002113359568e-01 1.157030387883048878e-01
5.341580488899951018e-02 2.275132734943445256e-01 1.149189449820656600e-01
5.422065528062413459e-02 2.259271457316769649e-01 1.141177779719261404e-01
5.501730208238488073e-02 2.243068374654601238e-01 1.132993460903946731e-01
5.580546790897692594e-02 2.226519544304186582e-01 1.124634501906312256e-01
5.658486460516901073e-02 2.209620868740146682e-01 1.116098833030439302e-01
5.735519259363647260e-02 2.192368088316442865e-01 1.107384302691845485e-01
5.811614017394231557e-02 2.174756773532730003e-01 1.098488673511152230e-01
5.886738276809811571e-02 2.156782316775360808e-01 1.089409618142393871e-01
5.960858210762913501e-02 2.138439923489349748e-01 1.080144714813899010e-01
6.033938535649468332e-02 2.119724602733178698e-01 1.070691442557440559e-01
6.105942416356562735e-02 2.100631157063390375e-01 1.061047176098855321e-01
6.176831363762480542e-02 2.081154171690366705e-01 1.051209180380532349e-01
6.246565123701908195e-02 2.061288002840474254e-01 1.041174604683031552e-01
6.315101556513844083e-02 2.041026765252762221e-01 1.030940476309555737e-01
6.382396506180913753e-02 2.020364318730516473e-01 1.020503693793023414e-01
6.448403657944236367e-02 1.999294253659077980e-01 1.009861019580991781e-01
6.513074383135125656e-02 1.977809875391265959e-01 9.990090721485975211e-02
6.576357569800643510e-02 1.955904187390339055e-01 9.879443174839190600e-02
6.638199437510643175e-02 1.933569873007470186e-01 9.766630598836197052e-02
6.698543334515058567e-02 1.910799275755951654e-01 9.651614319892758143e-02
6.757329515166492218e-02 1.887584377927516988e-01 9.534353839862942659e-02
6.814494895228265237e-02 1.863916777376907752e-01 9.414806718775936556e-02
6.869972782344302420e-02 1.839787662278739300e-01 9.292928447330764397e-02
6.923692578545202758e-02 1.815187783635342778e-01 9.168672308030995088e-02
6.975579451193170133e-02 1.790107425285022424e-01 9.041989223693826239e-02
7.025553968213307798e-02 1.764536371126377290e-01 8.912827591897261315e-02
7.073531692802934034e-02 1.738463869235183090e-01 8.781133103731346423e-02
7.119422732033095502e-02 1.711878592504838537e-01 8.646848544989617358e-02
7.163131232831161654e-02 1.684768595388351775e-01 8.509913577669087070e-02
7.204554817727863714e-02 1.657121266257841063e-01 8.370264499333919528e-02
7.243583951425715262e-02 1.628923274824819190e-01 8.227833977530682463e-02
7.280101227647406414e-02 1.600160513978952370e-01 8.082550756010833948e-02
7.313980563787822464e-02 1.570818035301947135e-01 7.934339329005718477e-02
7.345086288539763586e-02 1.540879977393479205e-01 7.783119579194565374e-02
7.373272104786050829e-02 1.510329486003662569e-01 7.628806374286603575e-02
7.398379906514329640e-02 1.479148624796528255e-01 7.471309116279581386e-02
7.420238424140040978e-02 1.447318275365179763e-01 7.310531236427575408e-02
7.438661667188994908e-02 1.414818024874037183e-01 7.146369627712126360e-02
7.453447126492680763e-02 1.381626039407187756e-01 6.978714005113684227e-02
7.464373689488126851e-02 1.347718920742175808e-01 6.807446182163488790e-02
7.471199211356696623e-02 1.313071543830142129e-01 6.632439250041531620e-02
7.473657670864165825e-02 1.277656871726499666e-01 6.453556642775210017e-02
7.471455821899947169e-02 1.241445744056362543e-01 6.270651068759701408e-02
7.464269228512500354e-02 1.204406634283884253e-01 6.083563284704151392e-02
7.451737540834170448e-02 1.166505370043805778e-01 5.892120683001856457e-02
7.433458829059726158e-02 1.127704809534878366e-01 5.696135657165130040e-02
7.408982738860182826e-02 1.087964465402202346e-01 5.495403702022087777e-02
7.377802158906537899e-02 1.047240065565262085e-01 5.289701195420629110e-02
7.339342991701973407e-02 1.005483037976385025e-01 5.078782795698335434e-02
7.292951481043963291e-02 9.626399031944107842e-02 4.862378373518927432e-02
7.237878355629169536e-02 9.186515547858953301e-02 4.640189377115788716e-02
7.173258771685742108e-02 8.734524027738536922e-02 4.411884505776624693e-02
7.098086636031224195e-02 8.269693495367011482e-02 4.177094537019415688e-02
7.011181297500337917e-02 7.791205607661545740e-02 3.935406118593243879e-02
6.911143699662708473e-02 7.298139867870317987e-02 3.686354299535231360e-02
6.796297707621075379e-02 6.789455832129027979e-02 3.429413542546556198e-02
6.664610140536253446e-02 6.263971784842391199e-02 3.163986952741072722e-02
6.513579498863844575e-02 5.720339490027032819e-02 2.889393524327704688e-02
6.340077442770614136e-02 5.157015138707157081e-02 2.604853465885813985e-02
6.140116798146322968e-02 4.572228083313716052e-02 2.309472407836672680e-02
5.908501357904977908e-02 3.963952830245442982e-02 2.002227255641002290e-02
5.638277969692653824e-02 3.329899861500287134e-02 1.681961553724707972e-02
5.319842929675158011e-02 2.667567758317254331e-02 1.347411813586408061e-02
4.939413145469735700e-02 1.974474377423631605e-02 9.973242829424952549e-03
4.476267014010910927e-02 1.248911310650452008e-02 6.308360298797626234e-03
3.897495547226369900e-02 4.923145660380105933e-03 2.486723946231644399e-03
3.147799550686170011e-02 -2.829002278309337114e-03 -1.428953802043705489e-03
2.133095180348182351e-02 -1.025373364170759430e-02 -5.179250573533811415e-03
7.405506788887591604e-03 -1.553536744206096901e-02 -7.847050015720299573e-03
-8.738138720574750370e-03 -1.520386522795015224e-02 -7.679605347021563333e-03
-2.225154517159496498e-02 -9.486116419364004626e-03 -4.791520398555869364e-03
-3.198243376869253779e-02 -1.861530175189476770e-03 -9.402751782321330104e-04
-3.911952542485771372e-02 5.996915535503829879e-03 3.029094504693897322e-03
-4.458337847701779322e-02 1.362713519232447087e-02 6.883185211032576828e-03
-4.891232768734037062e-02 2.092235455183599768e-02 1.056806433624389065e-02
-5.242761177426620567e-02 2.787538074149747622e-02 1.408009869747613163e-02
-5.533216534246115231e-02 3.450692187705273889e-02 1.742974814516922225e-02
-5.776134212700446274e-02 4.084395302227376151e-02 2.063063802004235642e-02
-5.980965625120453211e-02 4.691292626207618083e-02 2.369612950161878451e-02
-6.154565064501722749e-02 5.273777746211281980e-02 2.663831280505742083e-02
-6.302061462382838042e-02 5.833955780705164795e-02 2.946782106791331207e-02
-6.427394313142852089e-02 6.373660719169998989e-02 3.219391793151150927e-02
-6.533656964272235856e-02 6.894488194278192150e-02 3.482466307608410999e-02
-6.623324450854067846e-02 7.397829738094362229e-02 3.736708525183624757e-02
-6.698409413613279351e-02 7.884903824197625477e-02 3.982733907542172075e-02
-6.760571685037750078e-02 8.356782503049911548e-02 4.221083956751865707e-02
-6.811197130267572508e-02 8.814413730038248018e-02 4.452237493372466354e-02
-6.851455546961082721e-02 9.258639907319486662e-02 4.676620022103674529e-02
-6.882343968554195668e-02 9.690213242806285099e-02 4.894611489743327243e-02
-6.904719581575353982e-02 1.010980848710364699e-01 5.106552718725484302e-02
-6.919325115513955127e-02 1.051803352900874122e-01 5.312750759000084422e-02
-6.926808685694393897e-02 1.091543824659490791e-01 5.513483358792919259e-02
-6.927739486732047147e-02 1.130252193616266970e-01 5.709002717033784258e-02
-6.922620339408774859e-02 1.167973957864065909e-01 5.899538648570412658e-02
-6.911897821575392620e-02 1.204750715200015865e-01 6.085301267515538098e-02
-6.895970522804052705e-02 1.240620615735397447e-01 6.266483273419037880e-02
-6.875195826616092853e-02 1.275618749386028261e-01 6.443261908515762748e-02
-6.849895525998161983e-02 1.309777479170202152e-01 6.615800641242594593e-02
-6.820360506165921988e-02 1.343126729187356094e-01 6.784250620843883250e-02
-6.786854675428667660e-02 1.375694234515185688e-01 6.948751939623643015e-02
-6.749618285265955586e-02 1.407505758956477115e-01 7.109434732803852908e-02
-6.708870750678178063e-02 1.438585285519244916e-01 7.266420140656294768e-02
-6.664813058933569123e-02 1.468955183670041242e-01 7.419821153313653495e-02
-6.617629837164550055e-02 1.498636356717801266e-01 7.569743355218215564e-02
-6.567491135540996783e-02 1.527648372131005239e-01 7.716285583365255218e-02
-6.514553972002302962e-02 1.556009577138234568e-01 7.859540511211560165e-02
-6.458963676054461922e-02 1.583737201591006172e-01 7.999595168244598431e-02
-6.400855062406519969e-02 1.610847449762047856e-01 8.136531403663652129e-02
-6.340353459838542205e-02 1.637355582499305517e-01 8.270426301346882336e-02
-6.277575616363255395e-02 1.663275990945907723e-01 8.401352552217331016e-02
-6.212630498239473525e-02 1.688622262861123602e-01 8.529378789235875225e-02
-6.145619997543926016e-02 1.713407242430633193e-01 8.654569889508136049e-02
-6.076639560675291957e-02 1.737643084331115251e-01 8.776987247369445744e-02
-6.005778748246140553e-02 1.761341302710108248e-01 8.896689021786408080e-02
-5.933121735233829602e-02 1.784512815653999385e-01 9.013730360968601196e-02
-5.858747758946208223e-02 1.807167985642143815e-01 9.128163606705871902e-02
-5.782731521261690044e-02 1.829316656421296761e-01 9.240038480624322703e-02
-5.705143550685634612e-02 1.850968186679971261e-01 9.349402254278434132e-02
-5.626050528993834648e-02 1.872131480855502850e-01 9.456299904760248620e-02
-5.545515586583428524e-02 1.892815017366319130e-01 9.560774257303031320e-02
-5.463598570100827029e-02 1.913026874527137822e-01 9.662866116181201281e-02
-5.380356285448374687e-02 1.932774754374728121e-01 9.762614385056339605e-02
-5.295842718872636329e-02 1.952066004605759741e-01 9.860056177787183962e-02
-5.210109238496148792e-02 1.970907638805547979e-01 9.955226920606788377e-02
-5.123204778361917927e-02 1.989306355126687631e-01 1.004816044646993922e-01
-5.035176006808256277e-02 2.007268553559247437e-01 1.013888908228641611e-01
-4.946067480774393038e-02 2.024800351919011643e-01 1.022744372967900051e-01
-4.855921787449420796e-02 2.041907600666919287e-01 1.031385393983775822e-01
-4.764779674514170449e-02 2.058595896661109259e-01 1.039814798298282494e-01
-4.672680170083891305e-02 2.074870595932623019e-01 1.048035291289559495e-01
-4.579660693336051053e-02 2.090736825566653079e-01 1.056049462693195162e-01
-4.485757156699608089e-02 2.106199494763118518e-01 1.063859792189019715e-01
-4.391004060387555114e-02 2.121263305143140376e-01 1.071468654606996529e-01
-4.295434579971520866e-02 2.135932760361589633e-01 1.078878324782603926e-01
-4.199080647624212764e-02 2.150212175080171706e-01 1.086090982089218809e-01
-4.101973027591121479e-02 2.164105683350417142e-01 1.093108714672438447e-01
-4.004141386396074809e-02 2.177617246451395983e-01 1.099933523408978819e-01
-3.905614358234925365e-02 2.190750660222890445e-01 1.106567325610724184e-01
-3.806419605967072128e-02 2.203509561931103478e-01 1.113011958492656495e-01
-3.706583878074914962e-02 2.215897436700687284e-01 1.119269182421729347e-01
-3.606133061926108940e-02 2.227917623543918257e-01 1.125340683962257060e-01
-3.505092233642088245e-02 2.239573321015175811e-01 1.131228078732041120e-01
-3.403485704848318444e-02 2.250867592516466176e-01 1.136932914082236928e-01
-3.301337066556673389e-02 2.261803371277561481e-01 1.142456671612865488e-01
-3.198669230407920339e-02 2.272383465032342675e-01 1.147800769534875476e-01
-3.095504467482177238e-02 2.282610560411148792e-01 1.152966564888756595e-01
-2.991864444867175718e-02 2.292487227067304678e-01 1.157955355628885463e-01
-2.887770260157920127e-02 2.302015921554525502e-01 1.162768382582036325e-01
-2.783242474046741799e-02 2.311198990970541878e-01 1.167406831287807756e-01
-2.678301141149588491e-02 2.320038676381064591e-01 1.171871833728097834e-01
-2.572965839202514052e-02 2.328537116037082411e-01 1.176164469952188651e-01
-2.467255696751620084e-02 2.336696348397458989e-01 1.180285769603487134e-01
-2.361189419450015689e-02 2.344518314967853068e-01 1.184236713353487708e-01
-2.254785315066592730e-02 2.352004862966119714e-01 1.188018234248090776e-01
-2.148061317303484249e-02 2.359157747823561468e-01 1.191631218971005574e-01
-2.041035008511887794e-02 2.365978635530658902e-01 1.195076509028599743e-01
-1.933723641389418699e-02 2.372469104835242537e-01 1.198354901860215344e-01
-1.826144159736253769e-02 2.378630649300443045e-01 1.201467151877656792e-01
-1.718313218341966514e-02 2.384464679229177375e-01 1.204413971437266334e-01
-1.610247202070096834e-02 2.389972523461399989e-01 1.207196031747731352e-01
-1.501962244203090477e-02 2.395155431049848793e-01 1.209813963716517698e-01
-1.393474244106242613e-02 2.400014572819554604e-01 1.212268358737592228e-01
-1.284798884265663660e-02 2.404551042815953332e-01 1.214559769422876578e-01
-1.175951646751999952e-02 2.408765859646037899e-01 1.216688710279674596e-01
-1.066947829158680985e-02 2.412659967716609954e-01 1.218655658336124659e-01
-9.578025600607808707e-03 2.416234238373339560e-01 1.220461053716548200e-01
-8.485308140381763939e-03 2.419489470944005682e-01 1.222105300168399855e-01
-7.391474263045105970e-03 2.422426393688978108e-01 1.223588765542363982e-01
-6.296671069815357701e-03 2.425045664661702738e-01 1.224911782226993373e-01
-5.201044550566792830e-03 2.427347872481669944e-01 1.226074647539142637e-01
-4.104739720601473067e-03 2.429333537022076439e-01 1.227077624071311879e-01
-3.007900754965366248e-03 2.431003110014131885e-01 1.227920939996887256e-01
-1.910671120647563191e-03 2.432356975569715529e-01 1.228604789334139802e-01
-8.131937069905822123e-04 2.433395450623849210e-01 1.229129332169721783e-01
2.843890453686937370e-04 2.434118785298218790e-01 1.229494694842285102e-01
1.381935016714824988e-03 2.434527163186755716e-01 1.229700970086730766e-01
2.479302281319203244e-03 2.434620701564067513e-01 1.229748217139489119e-01
3.576348981051893829e-03 2.434399451517290647e-01 1.229636461805119763e-01
4.672933199239432886e-03 2.433863398001726852e-01 1.229365696484414072e-01
5.768912834469362705e-03 2.433012459820413642e-01 1.228935880164075678e-01
6.864145474042170417e-03 2.431846489527565158e-01 1.228346938367948227e-01
7.958488266769854144e-03 2.430365273255615799e-01 1.227598763069653320e-01
9.051797794817482978e-03 2.428568530465381736e-01 1.226691212566394656e-01
1.014392994427990198e-02 2.426455913618640048e-01 1.225624111313575043e-01
1.123473977418006781e-02 2.424027007772212861e-01 1.224397249719765129e-01
1.232408138356836866e-02 2.421281330092416029e-01 1.223010383901446674e-01
1.341180777639365725e-02 2.418218329288503166e-01 1.221463235396840347e-01
1.449777072380645584e-02 2.414837384963505751e-01 1.219755490838009271e-01
1.558182062354293747e-02 2.411137806880617185e-01 1.217886801580303630e-01
1.666380635602459845e-02 2.407118834143025243e-01 1.215856783288086357e-01
1.774357513679303625e-02 2.402779634284822330e-01 1.213665015475544201e-01
1.882097236488176895e-02 2.398119302270354525e-01 1.211311041001250227e-01
1.989584146670737505e-02 2.393136859399073169e-01 1.208794365514994223e-01
2.096802373504036421e-02 2.387831252112647129e-01 1.206114456855245654e-01
2.203735816259183924e-02 2.382201350700770270e-01 1.203270744395444902e-01
2.310368126972495856e-02 2.376245947901750311e-01 1.200262618337148701e-01
2.416682692577035857e-02 2.369963757393601100e-01 1.197089428947867573e-01
2.522662616339161820e-02 2.363353412170966505e-01 1.193750485741236211e-01
2.628290698541039735e-02 2.356413462802788017e-01 1.190245056596945655e-01
2.733549416346065311e-02 2.349142375565175245e-01 1.186572366817640056e-01
2.838420902779702215e-02 2.341538530443461330e-01 1.182731598119737687e-01
2.942886924753359765e-02 2.333600218996904341e-01 1.178721887554872311e-01
3.046928860053551430e-02 2.325325642078935051e-01 1.174542326358370831e-01
3.150527673212642765e-02 2.316712907405250876e-01 1.170191958720876307e-01
3.253663890170963024e-02 2.307760026961399313e-01 1.165669780478895412e-01
3.356317571632837921e-02 2.298464914240787860e-01 1.160974737719693145e-01
3.458468285011154913e-02 2.288825381303286333e-01 1.156105725295567127e-01
3.560095074846279101e-02 2.278839135643751512e-01 1.151061585242112162e-01
3.661176431575440676e-02 2.268503776858895871e-01 1.145841105094626416e-01
3.761690258517973867e-02 2.257816793099923225e-01 1.140443016096306383e-01
3.861613836929915500e-02 2.246775557297274184e-01 1.134865991291333087e-01
3.960923788968295084e-02 2.235377323142632433e-01 1.129108643495348174e-01
4.059596038390849565e-02 2.223619220812046160e-01 1.123169523135165160e-01
4.157605768800681084e-02 2.211498252412587573e-01 1.117047115948837377e-01
4.254927379227330803e-02 2.199011287133408599e-01 1.110739840536413697e-01
4.351534436815671786e-02 2.186155056080322512e-01 1.104246045750840316e-01
4.447399626371631443e-02 2.172926146771142208e-01 1.097564007917508355e-01
4.542494696488758033e-02 2.159320997266904740e-01 1.090691927869883726e-01
4.636790401951711160e-02 2.145335889911794691e-01 1.083627927787488010e-01
4.730256442081444412e-02 2.130966944652009643e-01 1.076370047821198495e-01
4.822861394651761086e-02 2.116210111900964641e-01 1.068916242489400814e-01
4.914572644967477033e-02 2.101061164915073998e-01 1.061264376826929617e-01
5.005356309650061536e-02 2.085515691640832392e-01 1.053412222266957715e-01
5.095177154626571309e-02 2.069569085989999835e-01 1.045357452234016021e-01
5.183998506761203912e-02 2.053216538495333254e-01 1.037097637424121421e-01
5.271782158504829952e-02 2.036453026294414159e-01 1.028630240745520702e-01
5.358488264865370054e-02 2.019273302383664814e-01 1.019952611890800054e-01
5.444075231919488084e-02 2.001671884078505548e-01 1.011061981508009633e-01
5.528499595992291543e-02 1.983643040608719654e-01 1.001955454934973927e-01
5.611715892524685861e-02 1.965180779770330788e-01 9.926300054570379172e-02
5.693676513525645910e-02 1.946278833546547793e-01 9.830824670440807544e-02
5.774331552366349096e-02 1.926930642600440668e-01 9.733095265176307243e-02
5.853628634511882228e-02 1.907129339530804768e-01 9.633077150932556343e-02
5.931512732600490584e-02 1.886867730769956897e-01 9.530733992369815055e-02
6.007925964065789076e-02 1.866138276987741595e-01 9.426027707671842670e-02
6.082807369248886820e-02 1.844933071849529649e-01 9.318918361250690119e-02
6.156092667658747547e-02 1.823243818957149820e-01 9.209364047273337073e-02
6.227713989702952230e-02 1.801061806780107077e-01 9.097320763037068658e-02
6.297599580818193099e-02 1.778377881359643198e-01 8.982742271095306430e-02
6.365673474469399351e-02 1.755182416539660673e-01 8.865579948891398610e-02
6.431855129944895333e-02 1.731465281445580540e-01 8.745782624491485469e-02
6.496059030235977472e-02 1.707215804894060829e-01 8.623296396814872367e-02
6.558194234532445377e-02 1.682422736372234939e-01 8.498064438536748200e-02
6.618163878965897806e-02 1.657074203173573290e-01 8.370026779577677267e-02
6.675864618158731945e-02 1.631157663217278064e-01 8.239120068790228846e-02
6.731185998849899266e-02 1.604659853007588954e-01 8.105277311096877046e-02
6.784009755319492241e-02 1.577566730106487458e-01 7.968427576914602350e-02
6.834209014461581355e-02 1.549863409395526859e-01 7.828495680207812890e-02
6.881647396079733359e-02 1.521534092286814244e-01 7.685401820926826555e-02
6.926177991202370210e-02 1.492561987905755005e-01 7.539061186895011646e-02
6.967642197806586668e-02 1.462929225104331321e-01 7.389383509380162418e-02
7.005868389132875740e-02 1.432616753967612955e-01 7.236272565595268380e-02
7.040670384552236150e-02 1.401604235240594687e-01 7.079625620183792323e-02
7.071845686426687927e-02 1.369869915818208161e-01 6.919332796308828859e-02
7.099173438207662112e-02 1.337390488096987240e-01 6.755276365226062230e-02
7.122412048641982296e-02 1.304140930567880829e-01 6.587329941104112796e-02
7.141296413726859471e-02 1.270094326517731409e-01 6.415357565269849682e-02
7.155534651057000872e-02 1.235221657078651586e-01 6.239212660882677980e-02
7.164804239182254175e-02 1.199491564090188200e-01 6.058736835130586890e-02
7.168747425803352613e-02 1.162870077280891007e-01 5.873758501200383036e-02
7.166965730639771048e-02 1.125320299085403736e-01 5.684091286261240550e-02
7.159013318154669459e-02 1.086802038929167574e-01 5.489532184204743565e-02
7.144388947061523776e-02 1.047271386957989298e-01 5.289859402515637021e-02
7.122526110454743820e-02 1.006680214868080347e-01 5.084829840920684213e-02
7.092780851854772750e-02 9.649755885876867834e-02 4.874176124792192061e-02
7.054416562463165785e-02 9.220990739409934411e-02 4.657603097995644675e-02
7.006584809104104972e-02 8.779859119522714916e-02 4.434783657278797836e-02
6.948300872771652481e-02 8.325640350228170894e-02 4.205353782895319970e-02
6.878412134235722952e-02 7.857528888671776179e-02 3.968906588101601962e-02
6.795556628144143463e-02 7.374620182188638962e-02 3.724985175432570655e-02
6.698107838147714099e-02 6.875893681766125087e-02 3.473074056653042280e-02
6.584099845520156868e-02 6.360192509978743192e-02 3.212588882853746608e-02
6.451123784908337211e-02 5.826199383498833345e-02 2.942864282700817513e-02
6.296181317225832408e-02 5.272408812182024368e-02 2.663139819950624890e-02
6.115471832753256037e-02 4.697096816159199856e-02 2.372544697287978094e-02
5.904074078932300407e-02 4.098292605316171400e-02 2.070083451383528117e-02
5.655453186498870383e-02 3.473764914513805674e-02 1.754629050693901071e-02
5.360666365490215912e-02 2.821057323565978603e-02 1.424940735891579678e-02
5.007023018696740019e-02 2.137666221590869137e-02 1.079753911215773805e-02
4.575704773276648846e-02 1.421629099087984641e-02 7.180772959475608536e-03
4.037307834703957043e-02 6.733486936223807146e-03 3.401143163546482048e-03
3.343212115779875537e-02 -9.853569318997940432e-04 -4.977124073048721023e-04
2.410461864349278810e-02 -8.567252138631608824e-03 -4.327394011107483021e-03
1.121294959604268900e-02 -1.464862326565895094e-02 -7.399147773991797752e-03
-4.772099368799286381e-03 -1.591335034103610185e-02 -8.037972485008985229e-03
-1.920612550125138512e-02 -1.116797204832983836e-02 -5.641040391496855710e-03
-2.970566567651973522e-02 -3.732810322920664635e-03 -1.885475152898613213e-03
-3.728054920710431597e-02 4.183496459114299619e-03 2.113120663395339979e-03
-4.297461185613057899e-02 1.192559385927230778e-02 6.023721796725114812e-03
-4.741132392003860607e-02 1.933360688575121167e-02 9.765573989966559731e-03
-5.095869133287769109e-02 2.638603666248988747e-02 1.332781797272503815e-02
-5.384587760822888425e-02 3.310045469322998868e-02 1.671932926527558774e-02
-5.622376781557925085e-02 3.950406321357254058e-02 1.995384795481580306e-02
-5.819658198595097087e-02 4.562449944201541624e-02 2.304533384221020206e-02
-5.983922154834524915e-02 5.148705839349761865e-02 2.600656366081349757e-02
-6.120731198711107379e-02 5.711407099008457278e-02 2.884881695473676816e-02
-6.234330765298277954e-02 6.252500724633078266e-02 3.158192819867691736e-02
-6.328036410042085780e-02 6.773679777426210025e-02 3.421444919289608894e-02
-6.404488628082299906e-02 7.276419106431390726e-02 3.675382952894945543e-02
-6.465825949859310695e-02 7.762008370697336124e-02 3.920658338752584793e-02
-6.513805811919753941e-02 8.231580594598016110e-02 4.157843377386780809e-02
-6.549891019550301008e-02 8.686136176931427699e-02 4.387443378983007375e-02
-6.575312922060380649e-02 9.126562844043284439e-02 4.609906741885304998e-02
-6.591118447763955057e-02 9.553652172085361216e-02 4.825633298133526899e-02
-6.598205712840708725e-02 9.968113275962356412e-02 5.034981227870165277e-02
-6.597351386675630314e-02 1.037058418288268891e-01 5.238272804220366757e-02
-6.589232007634909793e-02 1.076164132045910882e-01 5.435799185814563228e-02
-6.574440790483362940e-02 1.114180746905562014e-01 5.627824433588479724e-02
-6.553501026759099568e-02 1.151155846016783113e-01 5.814588894193652852e-02
-6.526876877415277445e-02 1.187132884715058345e-01 5.996312064331570796e-02
-6.494982146148059465e-02 1.222151673007537964e-01 6.173195027831373388e-02
-6.458187472258518358e-02 1.256248788104433189e-01 6.345422539382020166e-02
-6.416826274289140486e-02 1.289457928814229382e-01 6.513164814613518760e-02
-6.371199697233513592e-02 1.321810221386569284e-01 6.676579074936085656e-02
-6.321580758236071407e-02 1.353334484609506616e-01 6.835810886569569644e-02
-6.268217842503864823e-02 1.384057460549941443e-01 6.990995326033579149e-02
-6.211337668577919524e-02 1.414004016190488211e-01 7.142257998632937921e-02
-6.151147817305298998e-02 1.443197320302758158e-01 7.289715931860120401e-02
-6.087838899789083102e-02 1.471658999159271564e-01 7.433478361909731658e-02
-6.021586424816961769e-02 1.499409274087498412e-01 7.573647428476011634e-02
-5.952552414723821100e-02 1.526467083381452539e-01 7.710318790538957245e-02
-5.880886809554815992e-02 1.552850190686546616e-01 7.843582173825708326e-02
-5.806728692189457031e-02 1.578575281644621353e-01 7.973521858973051102e-02
-5.730207361335854649e-02 1.603658050314408778e-01 8.100217118044730769e-02
-5.651443274684734425e-02 1.628113276657291164e-01 8.223742605918805959e-02
-5.570548880780262779e-02 1.651954896190428734e-01 8.344168712111686703e-02
-5.487629355131642961e-02 1.675196062752243586e-01 8.461561877812087684e-02
-5.402783253611559422e-02 1.697849205193330546e-01 8.575984882231778295e-02
-5.316103094152865860e-02 1.719926078694681004e-01 8.687497101818421330e-02
-5.227675876076066236e-02 1.741437811321039364e-01 8.796154745400647235e-02
-5.137583544988449935e-02 1.762394946337363100e-01 8.902011067932197319e-02
-5.045903410037058667e-02 1.782807480748339890e-01 9.005116565158401143e-02
-4.952708519328877235e-02 1.802684900462794004e-01 9.105519151234661712e-02
-4.858067998518388053e-02 1.822036212434981761e-01 9.203264321074956789e-02
-4.762047356877323334e-02 1.840869974091935146e-01 9.298395298991925240e-02
-4.664708764581824291e-02 1.859194320319061122e-01 9.390953175003487197e-02
-4.566111304460272746e-02 1.877016988244250284e-01 9.480977030019548113e-02
-4.466311201026086641e-02 1.894345340033034841e-01 9.568504050982336306e-02
-4.365362029261839888e-02 1.911186383883244633e-01 9.653569636912245899e-02
-4.263314905314286030e-02 1.927546793386600010e-01 9.736207496704935016e-02
-4.160218660996177487e-02 1.943432925406324840e-01 9.816449739432719923e-02
-4.056120003763457466e-02 1.958850836603786838e-01 9.894326957822070778e-02
-3.951063663639899776e-02 1.973806298733044862e-01 9.969868305507716133e-02
-3.845092528390978148e-02 1.988304812809761901e-01 1.004310156860106218e-01
-3.738247768100758789e-02 2.002351622249984031e-01 1.011405323205530754e-01
-3.630568950176722709e-02 2.015951725064590305e-01 1.018274854126068468e-01
-3.522094145694886630e-02 2.029109885186647921e-01 1.024921155925991867e-01
-3.412860027899114468e-02 2.041830643001284751e-01 1.031346521993553450e-01
-3.302901963582155487e-02 2.054118325140921464e-01 1.037553137748643134e-01
-3.192254098000057994e-02 2.065977053602669755e-01 1.043543085248065799e-01
-3.080949433904773410e-02 2.077410754239316648e-01 1.049318347474411939e-01
-2.969019905220821043e-02 2.088423164670495380e-01 1.054880812332059103e-01
-2.856496445839774856e-02 2.099017841656324601e-01 1.060232276371661786e-01
-2.743409053960200669e-02 2.109198167971922944e-01 1.065374448262528667e-01
-2.629786852359759786e-02 2.118967358817716862e-01 1.070308952030525201e-01
-2.515658144949859537e-02 2.128328467797319101e-01 1.075037330077552727e-01
-2.401050469930908482e-02 2.137284392491921869e-01 1.079561045997222551e-01
-2.285990649837438271e-02 2.145837879657579161e-01 1.083881487200049343e-01
-2.170504838736687578e-02 2.153991530069433724e-01 1.087999967360312181e-01
-2.054618566821312178e-02 2.161747803034833881e-01 1.091917728695669387e-01
-1.938356782616401305e-02 2.169109020595367254e-01 1.095635944089642794e-01
-1.821743893002655823e-02 2.176077371436090369e-01 1.099155719066203379e-01
-1.704803801241179181e-02 2.182654914518639133e-01 1.102478093624887634e-01
-1.587559943170644208e-02 2.188843582453444125e-01 1.105604043944132808e-01
-1.470035321734439876e-02 2.194645184624935685e-01 1.108534483959844885e-01
-1.352252539983618378e-02 2.200061410082392588e-01 1.111270266825592351e-01
-1.234233832690901853e-02 2.205093830207957295e-01 1.113812186260243614e-01
-1.116001096701563916e-02 2.209743901172290526e-01 1.116160977788339670e-01
-9.975759201385513142e-03 2.214012966187368092e-01 1.118317319878001370e-01
-8.789796105716722596e-03 2.217902257565023683e-01 1.120281834980717539e-01
-7.602332222539576884e-03 2.221412898588998874e-01 1.122055090476933858e-01
-6.413575825223373494e-03 2.224545905207478413e-01 1.123637599530966924e-01
-5.223733174544927492e-03 2.227302187552350210e-01 1.125029821858396228e-01
-4.033008768691053771e-03 2.229682551290735337e-01 1.126232164408733638e-01
-2.841605587526579556e-03 2.231687698813677456e-01 1.127244981965840331e-01
-1.649725331924310192e-03 2.233318230266253535e-01 1.128068577668245587e-01
-4.575686589233067536e-04 2.234574644422775425e-01 1.128703203451218301e-01
7.346645865434380581e-04 2.235457339410176769e-01 1.129149060412155819e-01
1.926775142631573148e-03 2.235966613282127369e-01 1.129406299100574468e-01
3.118564103574245419e-03 2.236102664445883126e-01 1.129475019733715002e-01
4.309832693985491889e-03 2.235865591943355102e-01 1.129355272338513350e-01
5.500382043794552027e-03 2.235255395587369132e-01 1.129047056820425970e-01
6.690012963131674630e-03 2.234271975953577016e-01 1.128550322959344931e-01
7.878525716486201036e-03 2.232915134227981546e-01 1.127864970332580763e-01
9.065719795453997670e-03 2.231184571909524683e-01 1.126990848164637349e-01
1.025139368938365880e-02 2.229079890366688355e-01 1.125927755103247191e-01
1.143534465321913510e-02 2.226600590246536060e-01 1.124675438920873377e-01
1.261736847182064539e-02 2.223746070734101687e-01 1.123233596140619794e-01
1.379725922002549704e-02 2.220515628659490426e-01 1.121601871585220511e-01
1.497480901768585837e-02 2.216908457449504322e-01 1.119779857847496424e-01
1.614980777889109612e-02 2.212923645920024107e-01 1.117767094680376799e-01
1.732204295454795040e-02 2.208560176904781902e-01 1.115563068304280397e-01
1.849129926745205627e-02 2.203816925715524899e-01 1.113167210629330689e-01
1.965735843893887461e-02 2.198692658427908453e-01 1.110578898389545655e-01
2.081999890615039706e-02 2.193186029986754770e-01 1.107797452185786680e-01
2.197899552889561250e-02 2.187295582123563731e-01 1.104822135433875807e-01
2.313411928501696996e-02 2.181019741078372154e-01 1.101652153213886903e-01
2.428513695310130852e-02 2.174356815117202135e-01 1.098286651016186360e-01
2.543181078129113162e-02 2.167304991835425076e-01 1.094724713379339187e-01
2.657389814085978422e-02 2.159862335236385211e-01 1.090965362414496598e-01
2.771115116311101759e-02 2.152026782573561448e-01 1.087007556210343451e-01
2.884331635804836952e-02 2.143796140943392825e-01 1.082850187112105039e-01
2.997013421313149406e-02 2.135168083614643331e-01 1.078492079867477277e-01
3.109133877029347445e-02 2.126140146078817628e-01 1.073931989631656952e-01
3.220665717923342636e-02 2.116709721804654609e-01 1.069168599822899191e-01
3.331580922482044876e-02 2.106874057678098933e-01 1.064200519819207408e-01
3.441850682624591345e-02 2.096630249107369615e-01 1.059026282485860254e-01
3.551445350533846690e-02 2.085975234770788833e-01 1.053644341522494421e-01
3.660334382120714741e-02 2.074905790982885523e-01 1.048053068617374184e-01
3.768486276809900060e-02 2.063418525651911917e-01 1.042250750395279923e-01
3.875868513304469437e-02 2.051509871799296614e-01 1.036235585144127391e-01
3.982447480951437080e-02 2.039176080608659514e-01 1.030005679303964000e-01
4.088188406291081572e-02 2.026413213968800975e-01 1.023559043700367766e-01
4.193055274328197357e-02 2.013217136471514568e-01 1.016893589502472633e-01
4.297010744013280564e-02 1.999583506821105972e-01 1.010007123883840952e-01
4.400016057364920796e-02 1.985507768608079648e-01 1.002897345362171871e-01
4.502030941600441288e-02 1.970985140394518886e-01 9.955618387913402201e-02
4.603013503568986753e-02 1.956010605053167539e-01 9.879980699764735752e-02
4.702920115698481368e-02 1.940578898296034249e-01 9.802033798796497277e-02
4.801705292573622830e-02 1.924684496321391880e-01 9.721749783802877132e-02
4.899321557154506096e-02 1.908321602500231418e-01 9.639099375503597245e-02
4.995719295522454972e-02 1.891484133014421365e-01 9.554051844000996385e-02
5.090846598898627479e-02 1.874165701348869117e-01 9.466574930448577729e-02
5.184649091518915565e-02 1.856359601528717596e-01 9.376634762380624266e-02
5.277069742762019455e-02 1.838058789979831742e-01 9.284195762087929515e-02
5.368048661712009756e-02 1.819255865876298062e-01 9.189220547351298340e-02
5.457522872087063742e-02 1.799943049822107788e-01 9.091669823760861746e-02
5.545426065176189967e-02 1.780112160695279944e-01 8.991502267753716249e-02
5.631688328088144818e-02 1.759754590461030388e-01 8.888674399393041436e-02
5.716235844222370549e-02 1.738861276735742811e-01 8.783140443786312257e-02
5.798990562409606087e-02 1.717422672854892474e-01 8.674852179895765902e-02
5.879869830626435756e-02 1.695428715165080147e-01 8.563758775327603989e-02
5.958785989546963591e-02 1.672868787222150933e-01 8.449806605493553890e-02
6.035645920435742107e-02 1.649731680533070566e-01 8.332939055314654564e-02
6.110350540983987971e-02 1.626005551427682216e-01 8.213096301376726638e-02
6.182794241614802261e-02 1.601677873586290768e-01 8.090215072143049080e-02
6.252864253493700675e-02 1.576735385678563750e-01 7.964228383473864747e-02
6.320439937929354934e-02 1.551164033486467364e-01 7.835065246284263207e-02
6.385391984974508883e-02 1.524948905786397968e-01 7.702650342679222273e-02
6.447581506760277636e-02 1.498074163150283633e-01 7.566903666321742050e-02
6.506859008318660598e-02 1.470522958688458282e-01 7.427740122098162867e-02
6.563063215239875459e-02 1.442277349593922842e-01 7.285069079320496965e-02
6.616019733307179629e-02 1.413318198152440919e-01 7.138793871719754935e-02
6.665539510036319615e-02 1.383625060648575045e-01 6.988811236300618290e-02
6.711417061536475992e-02 1.353176062315268324e-01 6.835010681700832980e-02
6.753428419930400384e-02 1.321947756132600682e-01 6.677273774971376197e-02
6.791328746224703505e-02 1.289914962865646164e-01 6.515473333593675698e-02
6.824849540337035725e-02 1.257050589223882020e-01 6.349472506986879317e-02
6.853695363056409862e-02 1.223325420402462532e-01 6.179123728615672911e-02
6.877539962791669181e-02 1.188707882499775853e-01 6.004267515940577005e-02
6.896021671329234659e-02 1.153163769359024510e-01 5.824731090670872552e-02
6.908737895065442114e-02 1.116655927207057808e-01 5.640326785847748353e-02
6.915238477890525703e-02 1.079143889001757950e-01 5.450850198900958343e-02
6.915017644190751822e-02 1.040583448575111841e-01 5.256078040608219704e-02
6.907504138196016163e-02 1.000926162380185030e-01 5.055765618375583637e-02
6.892049048652691690e-02 9.601187638054536899e-02 4.849643877887886700e-02
6.867910629844989345e-02 9.181024714832691780e-02 4.637415909314284573e-02
6.834235177395414640e-02 8.748121686641129047e-02 4.418752802255818818e-02
6.790032652898669863e-02 8.301754254678248013e-02 4.193288707050826791e-02
6.734145216436566994e-02 7.841113297068399990e-02 3.960614929160817532e-02
6.665206025084230435e-02 7.365290854156814060e-02 3.720272850220320698e-02
6.581584430547385289e-02 6.873263324999959178e-02 3.471745440437155189e-02
6.481311790731895950e-02 6.363871393657470621e-02 3.214447119186852886e-02
6.361979025938384325e-02 5.835796310939278531e-02 2.947711774715620556e-02
6.220591944859528433e-02 5.287532580054030151e-02 2.670778967422378358e-02
6.053361633000582664e-02 4.717358297933246791e-02 2.382778949002108126e-02
5.855391704195401364e-02 4.123307534270558017e-02 2.082718710856909863e-02
5.620195591473587521e-02 3.503157127729588510e-02 1.769475314745082989e-02
5.338921747140676355e-02 2.854461092001195355e-02 1.441813271581660755e-02
4.999052599026167915e-02 2.174722427297091920e-02 1.098471324927038396e-02
4.582106025427529206e-02 1.461956600881040777e-02 7.384470699332347857e-03
4.059356372170459804e-02 7.164224114466621364e-03 3.618712280846573485e-03
3.383591784666744456e-02 -5.387092172648077701e-04 -2.721067388699624327e-04
2.474557830612895970e-02 -8.142453396675698382e-03 -4.112824449931975525e-03
1.215588197959673218e-02 -1.438101637124284890e-02 -7.263977190298392082e-03
-3.695442043873816210e-03 -1.603742948848763464e-02 -8.100645947969631680e-03
-1.831769823764748534e-02 -1.157271074351758425e-02 -5.845477447542074545e-03
-2.898511340089008487e-02 -4.175543913439091169e-03 -2.109103762997120105e-03
-3.661490771528850413e-02 3.783891373326703049e-03 1.911276638372671078e-03
-4.228797012366796587e-02 1.158121522965774482e-02 5.849773137898124295e-03
-4.665769257743853510e-02 1.903760126741219083e-02 9.616058962355941708e-03
-5.010916964819119718e-02 2.612690607404685381e-02 1.319692884533880256e-02
-5.288135354591667892e-02 3.286611241896315871e-02 1.660096093225559358e-02
-5.513102206725219862e-02 3.928298835556987001e-02 1.984218110982900393e-02
-5.696613288790455809e-02 4.540601167635015256e-02 2.293497376019779446e-02
-5.846407077644992512e-02 5.126131693672114631e-02 2.589253967595742806e-02
-5.968217794300680751e-02 5.687199247032903582e-02 2.872654097643510818e-02
-6.066413616868052139e-02 6.225816779158189346e-02 3.144714525547381151e-02
-6.144400418908013695e-02 6.743734078009169797e-02 3.406319084515652823e-02
-6.204886818097108542e-02 7.242474662964829002e-02 3.658237317516099818e-02
-6.250063841900654893e-02 7.723370027013712336e-02 3.901141773306622540e-02
-6.281730152189457517e-02 8.187589287324693876e-02 4.135622983197961150e-02
-6.301381473455307247e-02 8.636164123006272175e-02 4.362202057334098326e-02
-6.310275837744563909e-02 9.070009497034361989e-02 4.581341151519286586e-02
-6.309482095509262589e-02 9.489940809060548599e-02 4.793452131251568077e-02
-6.299916597360109838e-02 9.896688100409256617e-02 4.998903746791126534e-02
-6.282371352933838193e-02 1.029090785065819441e-01 5.198027591716277568e-02
-6.257535942784209215e-02 1.067319281378154711e-01 5.391123071245455811e-02
-6.226014779977256247e-02 1.104408025819531569e-01 5.578461564356207436e-02
-6.188340860976820901e-02 1.140405890419862317e-01 5.760289927947490063e-02
-6.144986831990413567e-02 1.175357479442431657e-01 5.936833462055633726e-02
-6.096373978345907829e-02 1.209303628645823914e-01 6.108298431670015211e-02
-6.042879589600589491e-02 1.242281831981422030e-01 6.274874222019459491e-02
-5.984843041779004669e-02 1.274326608011677742e-01 6.436735189382979117e-02
-5.922570857075089984e-02 1.305469816006753492e-01 6.594042257721570433e-02
-5.856340941592744903e-02 1.335740929826751688e-01 6.746944302081311906e-02
-5.786406157138333783e-02 1.365167276221179726e-01 6.895579352264814832e-02
-5.712997349500256727e-02 1.393774242996156376e-01 7.040075644301993507e-02
-5.636325930098484011e-02 1.421585461550385343e-01 7.180552542455238829e-02
-5.556586088263299611e-02 1.448622967514255344e-01 7.317121350621567932e-02
-5.473956696202071648e-02 1.474907342604555027e-01 7.449886028853197617e-02
-5.388602956843607794e-02 1.500457840300523094e-01 7.578943828158271612e-02
-5.300677835411161942e-02 1.525292497532123870e-01 7.704385854648111709e-02
-5.210323308175466434e-02 1.549428234230319223e-01 7.826297572374352196e-02
-5.117671455936192992e-02 1.572880942307384733e-01 7.944759252776296965e-02
-5.022845425041427836e-02 1.595665565401636343e-01 8.059846377478517565e-02
-4.925960274927566190e-02 1.617796170526311084e-01 8.171630000195613530e-02
-4.827123728053557550e-02 1.639286012599582010e-01 8.280177072678965300e-02
-4.726436835565073907e-02 1.660147592696054331e-01 8.385550738950135752e-02
-4.623994569940727273e-02 1.680392710744939566e-01 8.487810601483963824e-02
-4.519886354154082492e-02 1.700032513302729420e-01 8.587012962512512171e-02
-4.414196535461372556e-02 1.719077536945525508e-01 8.683211043203528656e-02
-4.307004810739792355e-02 1.737537747755802386e-01 8.776455183111536718e-02
-4.198386609310853640e-02 1.755422577318229704e-01 8.866793021995882096e-02
-4.088413438352209162e-02 1.772740955587630285e-01 8.954269665839667547e-02
-3.977153195301290356e-02 1.789501340947828867e-01 9.038927838679625126e-02
-3.864670451062256207e-02 1.805711747741924611e-01 9.120808021663932841e-02
-3.751026707325588738e-02 1.821379771521467184e-01 9.199948580588013236e-02
-3.636280630882239573e-02 1.836512612233351938e-01 9.276385883013565925e-02
-3.520488267449156661e-02 1.851117095538322710e-01 9.350154405950192316e-02
-3.403703237210338461e-02 1.865199692433242573e-01 9.421286834969203050e-02
-3.285976914008869459e-02 1.878766537330296416e-01 9.489814155523249029e-02
-3.167358589893930904e-02 1.891823444729645587e-01 9.555765737161366069e-02
-3.047895626526806248e-02 1.904375924607439041e-01 9.619169411255154567e-02
-2.927633594776693840e-02 1.916429196628208209e-01 9.680051542786838326e-02
-2.806616403686772523e-02 1.927988203279319690e-01 9.738437096692528772e-02
-2.684886419860083723e-02 1.939057622015110116e-01 9.794349699203316884e-02
-2.562484578200660210e-02 1.949641876489418280e-01 9.847811694581772024e-02
-2.439450484845560527e-02 1.959745146947320382e-01 9.898844197611510187e-02
-2.315822513036106672e-02 1.969371379839822689e-01 9.947467142161843523e-02
-2.191637892599974241e-02 1.978524296718976172e-01 9.993699326117783110e-02
-2.066932793648423861e-02 1.987207402465253070e-01 1.003755845293724247e-01
-1.941742405033677205e-02 1.995423992893981535e-01 1.007906117007179581e-01
-1.816101008059194111e-02 2.003177161783097071e-01 1.011822310446447576e-01
-1.690042045889497691e-02 2.010469807360394101e-01 1.015505889531744116e-01
-1.563598189065477581e-02 2.017304638284765084e-01 1.018958222430374067e-01
-1.436801397495113958e-02 2.023684179152584472e-01 1.022180584338054088e-01
-1.309682979257739167e-02 2.029610775557359470e-01 1.025174160034586779e-01
-1.182273646531819752e-02 2.035086598728017004e-01 1.027940046226699239e-01
-1.054603568931366565e-02 2.040113649768670878e-01 1.030479253689587371e-01
-9.267024245141095365e-03 2.044693763520413765e-01 1.032792709217540267e-01
-7.985994487052032118e-03 2.048828612063553767e-01 1.034881257392950837e-01
-6.703234813631709504e-03 2.052519707876760691e-01 1.036745662182027850e-01
-5.419030121998416605e-03 2.055768406667775328e-01 1.038386608364612607e-01
-4.133662247529652778e-03 2.058575909888650246e-01 1.039804702804648512e-01
-2.847410390988496659e-03 2.060943266946913266e-01 1.041000475567059186e-01
-1.560551534825964197e-03 2.062871377122565408e-01 1.041974380886040996e-01
-2.733608503519642432e-04 2.064360991199426787e-01 1.042726797989070447e-01
1.013887902602185909e-03 2.065412712818015806e-01 1.043258031780254502e-01
2.300921981963784634e-03 2.066026999555874155e-01 1.043568313386012830e-01
3.587469274120528608e-03 2.066204163740027744e-01 1.043657800565458982e-01
4.873257907557048373e-03 2.065944372995090761e-01 1.043526577987251847e-01
6.158015867961994134e-03 2.065247650529354329e-01 1.043174657374102560e-01
7.441470613353617404e-03 2.064113875160070721e-01 1.042601977515544842e-01
8.723348687773408230e-03 2.062542781078004761e-01 1.041808404149008604e-01
1.000337533208847315e-02 2.060533957350200729e-01 1.040793729708662518e-01
1.128127409042387931e-02 2.058086847158769883e-01 1.039557672940919358e-01
1.255676641071590618e-02 2.055200746772350429e-01 1.038099878384911162e-01
1.382957123783571871e-02 2.051874804245706618e-01 1.036419915715645762e-01
1.509940459767989199e-02 2.048108017841719086e-01 1.034517278946939650e-01
1.636597917055883020e-02 2.043899234168744528e-01 1.032391385490582791e-01
1.762900385213574117e-02 2.039247146025011115e-01 1.030041575067523196e-01
1.888818330007631385e-02 2.034150289940313827e-01 1.027467108466156298e-01
2.014321746446169278e-02 2.028607043403811705e-01 1.024667166142060881e-01
2.139380109989320183e-02 2.022615621765157523e-01 1.021640846652732415e-01
2.263962325707504636e-02 2.016174074794516990e-01 1.018387164920018795e-01
2.388036675149907487e-02 2.009280282885237967e-01 1.014905050312055329e-01
2.511570760667142937e-02 2.001931952880985632e-01 1.011193344535514099e-01
2.634531446911212577e-02 1.994126613507056778e-01 1.007250799327921303e-01
2.756884799212226678e-02 1.985861610383300446e-01 1.003076073938639068e-01
2.878596018504654339e-02 1.977134100593569699e-01 9.986677323858485222e-02
2.999629372445695302e-02 1.967941046783898973e-01 9.940242404754875971e-02
3.119948122334271351e-02 1.958279210758595845e-01 9.891439625665807145e-02
3.239514445400619447e-02 1.948145146540125883e-01 9.840251580657258246e-02
3.358289351992911620e-02 1.937535192855018573e-01 9.786659776316601611e-02
3.476232597138029234e-02 1.926445465003972235e-01 9.730644590687786977e-02
3.593302585897786838e-02 1.914871846069846617e-01 9.672185228862147099e-02
3.709456271878547318e-02 1.902809977412233677e-01 9.611259674965635935e-02
3.824649048180227967e-02 1.890255248391720377e-01 9.547844640255188919e-02
3.938834629988813285e-02 1.877202785260731477e-01 9.481915507005393706e-02
4.051964927923192017e-02 1.863647439150853957e-01 9.413446267831417080e-02
4.163989911140576761e-02 1.849583773078710414e-01 9.342409460054530712e-02
4.274857459082840455e-02 1.835006047883623037e-01 9.268776094672023791e-02
4.384513200606312416e-02 1.819908207000365818e-01 9.192515579443044649e-02
4.492900339076904420e-02 1.804283859959048275e-01 9.113595635545068685e-02
4.599959461827367313e-02 1.788126264491437245e-01 9.031982207191358025e-02
4.705628332159741273e-02 1.771428307108541544e-01 8.947639363526653511e-02
4.809841661828599679e-02 1.754182481997819676e-01 8.860529192035114521e-02
4.912530861653374020e-02 1.736380868069560823e-01 8.770611682599586956e-02
5.013623767573546081e-02 1.718015103960489898e-01 8.677844601242622191e-02
5.113044339069845040e-02 1.699076360777981021e-01 8.582183352455116654e-02
5.210712326417015622e-02 1.679555312339906792e-01 8.483580828875188218e-02
5.306542902695945280e-02 1.659442102632457672e-01 8.381987246914769651e-02
5.400446255858838696e-02 1.638726310170464107e-01 8.277349966740481235e-02
5.492327135390691339e-02 1.617396908900939900e-01 8.169613294794007829e-02
5.582084347219034431e-02 1.595442225239609435e-01 8.058718266779837935e-02
5.669610189461125882e-02 1.572849890770753045e-01 7.944602408748044353e-02
5.754789820325417055e-02 1.549606790071183238e-01 7.827199473548623887e-02
5.837500547954320440e-02 1.525699003037560286e-01 7.706439149521721044e-02
5.917611030147829076e-02 1.501111741000152322e-01 7.582246737802640635e-02
5.994980369665894870e-02 1.475829275792584772e-01 7.454542794046951915e-02
6.069457088074235729e-02 1.449834860812448667e-01 7.323242729700706055e-02
6.140877957748264865e-02 1.423110642947330029e-01 7.188256367131110047e-02
6.209066667521600386e-02 1.395637564049302115e-01 7.049487441965568424e-02
6.273832292349006134e-02 1.367395250411198027e-01 6.906833044826660162e-02
6.334967530973402428e-02 1.338361888421346069e-01 6.760182993253333050e-02
6.392246667579591646e-02 1.308514084238970865e-01 6.609419122909078459e-02
6.445423203300190695e-02 1.277826704926354751e-01 6.454414485126572232e-02
6.494227090563470250e-02 1.246272697978724475e-01 6.295032435337351295e-02
6.538361486760091434e-02 1.213822885586650913e-01 6.131125593873187202e-02
6.577498922355386191e-02 1.180445729220542112e-01 5.962534656861769033e-02
6.611276750727290707e-02 1.146107059207094325e-01 5.789087030293695035e-02
6.639291710351324927e-02 1.110769762828296425e-01 5.610595254583256725e-02
6.661093381210786424e-02 1.074393423057887487e-01 5.426855179794676937e-02
6.676176251801614614e-02 1.036933898286781230e-01 5.237643842798460347e-02
6.683970024039644076e-02 9.983428311900409413e-02 5.042716986515512895e-02
6.683827660779205482e-02 9.585670721483269263e-02 4.841806147568428198e-02
6.675010509598863773e-02 9.175479992373877791e-02 4.634615221488911502e-02
6.656669594335977436e-02 8.752207126212803445e-02 4.420816393527452620e-02
6.627821817480226974e-02 8.315130761475368615e-02 4.200045297666660238e-02
6.587319306596274571e-02 7.863445730928574073e-02 3.971895236892645370e-02
6.533809377113335148e-02 7.396249367304121025e-02 3.735910266070649466e-02
6.465681424537574051e-02 6.912525108775806337e-02 3.491576910928239491e-02
6.380995251226577458e-02 6.411122939090337092e-02 3.238314288194250878e-02
6.277382439796920510e-02 5.890736293057129841e-02 2.975462440359630603e-02
6.151907620988710662e-02 5.349875442543003401e-02 2.702268892710503120e-02
6.000868382989636013e-02 4.786838471281106011e-02 2.417873992450218779e-02
5.819498293877621575e-02 4.199683775738224933e-02 2.121297018646836965e-02
5.601511331556816714e-02 3.586215201086898757e-02 1.811428674282592952e-02
5.338375866490643884e-02 2.944009399925534565e-02 1.487044905382794123e-02
5.018105705982230796e-02 2.270564632054371951e-02 1.146882061084525395e-02
4.623144663915574465e-02 1.563792237444828689e-02 7.898851409334209026e-03
4.126467871611996102e-02 8.235139986517956562e-03 4.159641257387106800e-03
3.484118265263758119e-02 5.615015293161558507e-04 2.836193350997536465e-04
2.621703112454126794e-02 -7.094744411636215616e-03 -3.583617475060868994e-03
1.425609340404521835e-02 -1.367236298642732564e-02 -6.906030165537251943e-03
-1.267091469993668687e-03 -1.621799541611086692e-02 -8.191851377804409279e-03
-1.632976015370534231e-02 -1.250158173325149197e-02 -6.314658311256902967e-03
-2.749633174231495836e-02 -5.293439467507751739e-03 -2.673762587955307805e-03
-3.540378268040260401e-02 2.693686064284843765e-03 1.360604398442696438e-03
-4.119945525850723933e-02 1.056774172913495409e-02 5.337858805786646621e-03
-4.559915883536466708e-02 1.810224714630506368e-02 9.143603412262849006e-03
-4.902351478074110092e-02 2.525817073994748516e-02 1.275812302741884119e-02
-5.173144679602889595e-02 3.204955321799254214e-02 1.618850973567401499e-02
-5.389151724264829024e-02 3.850419901138980860e-02 1.944880779836520232e-02
-5.561902098008010553e-02 4.465148123129660668e-02 2.255385383092672544e-02
-5.699613682673659865e-02 5.051860317386151072e-02 2.551738845624803090e-02
-5.808347178929894328e-02 5.612967274578536253e-02 2.835158878892659121e-02
-5.892701067880589533e-02 6.150572596621204507e-02 3.106708030627855846e-02
-5.956248635625396165e-02 6.666504571698554649e-02 3.367309785188238314e-02
-6.001823379615040671e-02 7.162354071182877591e-02 3.617767705622670221e-02
-6.031711591397084099e-02 7.639510277549835249e-02 3.858783480153726853e-02
-6.047786045986357911e-02 8.099191811931029383e-02 4.090972644976838268e-02
-6.051601136850360413e-02 8.542472979887635876e-02 4.314877841230178868e-02
-6.044462065902466569e-02 8.970305598973643546e-02 4.530979840287829852e-02
-6.027476142927013641e-02 9.383537067357523853e-02 4.739706670378672493e-02
-6.001591477985034756e-02 9.782925321276164654e-02 4.941441171727230242e-02
-5.967626616095377673e-02 1.016915124868841835e-01 5.136527266798687069e-02
-5.926293549919119108e-02 1.054282903220819384e-01 5.325275184604884304e-02
-5.878215814471865475e-02 1.090451480674390905e-01 5.507965833753752233e-02
-5.823942876959931764e-02 1.125471394251777030e-01 5.684854481166070478e-02
-5.763961699147203410e-02 1.159388720287018171e-01 5.856173862436347965e-02
-5.698706116116437209e-02 1.192245597701099835e-01 6.022136824941266842e-02
-5.628564510218015543e-02 1.224080674866720037e-01 6.182938584992715703e-02
-5.553886140617217415e-02 1.254929493046523792e-01 6.338758664617860639e-02
-5.474986402808106056e-02 1.284824816920944746e-01 6.489762561084191916e-02
-5.392151229145425440e-02 1.313796920761076958e-01 6.636103192383736860e-02
-5.305640794315701764e-02 1.341873837239448419e-01 6.777922153998044985e-02
-5.215692654211472740e-02 1.369081574621666131e-01 6.915350815952191199e-02
-5.122524419731284279e-02 1.395444307077879642e-01 7.048511284094628737e-02
-5.026336046367021332e-02 1.420984542042908194e-01 7.177517245447830041e-02
-4.927311804457518846e-02 1.445723267897234543e-01 7.302474714157911051e-02
-4.825621982523041475e-02 1.469680084706374845e-01 7.423482691870623984e-02
-4.721424366300226716e-02 1.492873320318725550e-01 7.540633754151747359e-02
-4.614865528344379991e-02 1.515320133762566857e-01 7.654014572754386236e-02
-4.506081956888088880e-02 1.537036607586232673e-01 7.763706382037258158e-02
-4.395201047690616702e-02 1.558037830539555635e-01 7.869785396595897764e-02
-4.282341978615065298e-02 1.578337971789988969e-01 7.972323186134788742e-02
-4.167616483426569290e-02 1.597950347695728246e-01 8.071387012744239697e-02
-4.051129538658318485e-02 1.616887482014595923e-01 8.167040135020731118e-02
-3.932979975221952834e-02 1.635161160306538852e-01 8.259342082858688039e-02
-3.813261024650409919e-02 1.652782479185368192e-01 8.348348906225323829e-02
-3.692060808380589337e-02 1.669761890988641917e-01 8.434113400792132842e-02
-3.569462777251891650e-02 1.686109244360762260e-01 8.516685312923658047e-02
-3.445546107368401001e-02 1.701833821181286954e-01 8.596111526205629794e-02
-3.320386057610360403e-02 1.716944370216411664e-01 8.672436231421543074e-02
-3.194054293354962187e-02 1.731449137825114282e-01 8.745701081652075548e-02
-3.066619180353528581e-02 1.745355896011391572e-01 8.815945333969399389e-02
-2.938146052192619137e-02 1.758671968079371373e-01 8.883205979023386933e-02
-2.808697454324734014e-02 1.771404252118025935e-01 8.947517859664959328e-02
-2.678333367277352384e-02 1.783559242516075116e-01 9.008913779619742712e-02
-2.547111411326516070e-02 1.795143049684865544e-01 9.067424603110056658e-02
-2.415087034644428088e-02 1.806161418147065323e-01 9.123079346222491559e-02
-2.282313686692469604e-02 1.816619743131526743e-01 9.175905260730014834e-02
-2.148842978425715561e-02 1.826523085799282575e-01 9.225927910999809356e-02
-2.014724830697563543e-02 1.835876187212080735e-01 9.273171244549566206e-02
-1.880007612099373476e-02 1.844683481142865566e-01 9.317657656754342599e-02
-1.744738267336615883e-02 1.852949105816979192e-01 9.359408050152399905e-02
-1.608962437127092054e-02 1.860676914663401404e-01 9.398441888750655449e-02
-1.472724570505861558e-02 1.867870486146910314e-01 9.434777247687789470e-02
-1.336068030333601234e-02 1.874533132744505004e-01 9.468430858574934661e-02
-1.199035192728451805e-02 1.880667909122654968e-01 9.499418150799684990e-02
-1.061667541074562231e-02 1.886277619565852881e-01 9.527753289048364327e-02
-9.240057552022642312e-03 1.891364824701428360e-01 9.553449207273645438e-02
-7.860897962840462244e-03 1.895931847560587968e-01 9.576517639309398144e-02
-6.479589879463684178e-03 1.899980779011088139e-01 9.596969146311593035e-02
-5.096520940591071393e-03 1.903513482592779638e-01 9.614813141183059519e-02
-3.712073936313877755e-03 1.906531598783425818e-01 9.630057910120506937e-02
-2.326627532142368747e-03 1.909036548718651138e-01 9.642710631404310950e-02
-9.405569718638235200e-04 1.911029537386572663e-01 9.652777391534878015e-02
4.457652372071665460e-04 1.912511556314578087e-01 9.660263198803792362e-02
1.831968653192366523e-03 1.913483385762793643e-01 9.665171994373217279e-02
3.217684239568118550e-03 1.913945596436015806e-01 9.667506660923011474e-02
4.602543712882253835e-03 1.913898550723226177e-01 9.667269028911626427e-02
5.986178895188220411e-03 1.913342403471237074e-01 9.664459880483859677e-02
7.368221068161297238e-03 1.912277102296514042e-01 9.659078951045896311e-02
8.748300325880751724e-03 1.910702387436759297e-01 9.651124928515641965e-02
1.012604492325379010e-02 1.908617791141382636e-01 9.640595450243942544e-02
1.150108061702197725e-02 1.906022636597536346e-01 9.627487097589887410e-02
1.287302999622805429e-02 1.902916036385891296e-01 9.611795388120805694e-02
1.424151179892984079e-02 1.899296890457789211e-01 9.593514765394678401e-02
1.560614021182680361e-02 1.895163883622768830e-01 9.572638586269419103e-02
1.696652414931221903e-02 1.890515482532729441e-01 9.549159105669616232e-02
1.832226650827731979e-02 1.885349932146115071e-01 9.523067458726820755e-02
1.967296339477061021e-02 1.879665251652459790e-01 9.494353640194064248e-02
2.101820331835219796e-02 1.873459229834388007e-01 9.463006481018922111e-02
2.235756634967550963e-02 1.866729419840685023e-01 9.429013621941829959e-02
2.369062323647210672e-02 1.859473133340290296e-01 9.392361483967397173e-02
2.501693447270385631e-02 1.851687434022989687e-01 9.353035235535830938e-02
2.633604931517340153e-02 1.843369130408124279e-01 9.311018756199095081e-02
2.764750474134097108e-02 1.834514767917756750e-01 9.266294596581782506e-02
2.895082434147321082e-02 1.825120620165355534e-01 9.218843934379498950e-02
3.024551713753711665e-02 1.815182679405117905e-01 9.168646526117550655e-02
3.153107632043595371e-02 1.804696646080451161e-01 9.115680654359416268e-02
3.280697789624886784e-02 1.793657917402794733e-01 9.059923070017371349e-02
3.407267923106344076e-02 1.782061574883757327e-01 9.001348929376228047e-02
3.532761748275909525e-02 1.769902370734351138e-01 8.939931725394674455e-02
3.657120790668345195e-02 1.757174713034772850e-01 8.875643212796541226e-02
3.780284202053284248e-02 1.743872649566537425e-01 8.808453326405490946e-02
3.902188561186616805e-02 1.729989850185602029e-01 8.738330092110134506e-02
4.022767656950450993e-02 1.715519587600208284e-01 8.665239529771219529e-02
4.141952251754549980e-02 1.700454716400206234e-01 8.589145547296918315e-02
4.259669822778883175e-02 1.684787650165311401e-01 8.510009825014630547e-02
4.375844278295200340e-02 1.668510336457669219e-01 8.427791689356235738e-02
4.490395645906198469e-02 1.651614229478806928e-01 8.342447974745965944e-02
4.603239729072781256e-02 1.634090260141997097e-01 8.253932872433294987e-02
4.714287727749570667e-02 1.615928803277577597e-01 8.162197764844142389e-02
4.823445818299581384e-02 1.597119641650087962e-01 8.067191043828279839e-02
4.930614687090360826e-02 1.577651926421257123e-01 7.968857910954424417e-02
5.035689011260682801e-02 1.557514133640774123e-01 7.867140157741310535e-02
5.138556879057627064e-02 1.536694016286024589e-01 7.761975923406204403e-02
5.239099140839439950e-02 1.515178551300929433e-01 7.653299427353450757e-02
5.337188680270790048e-02 1.492953881000652627e-01 7.541040673204518763e-02
5.432689593341945983e-02 1.470005248110785867e-01 7.425125120675238333e-02
5.525456260543432779e-02 1.446316923593652659e-01 7.305473321020156119e-02
5.615332294722588657e-02 1.421872126276884085e-01 7.182000511069429327e-02
5.702149343709499857e-02 1.396652933135787977e-01 7.054616160057233798e-02
5.785725722560737527e-02 1.370640178885599580e-01 6.923223462453430288e-02
5.865864845013943341e-02 1.343813343305326757e-01 6.787718768826447868e-02
5.942353417191183901e-02 1.316150424432760424e-01 6.647990945340191693e-02
6.014959348359995989e-02 1.287627795429171218e-01 6.503920650765100675e-02
6.083429323160174235e-02 1.258220042498275348e-01 6.355379517792662802e-02
6.147485966463074603e-02 1.227899780739588748e-01 6.202229222894595911e-02
6.206824515042854568e-02 1.196637444198949823e-01 6.044320425849670358e-02
6.261108888266904426e-02 1.164401045620524211e-01 5.881491556230065282e-02
6.309967021343899918e-02 1.131155900469136971e-01 5.713567419414020132e-02
6.352985286910783902e-02 1.096864308633996310e-01 5.540357588843499576e-02
6.389701780513849794e-02 1.061485185787694463e-01 5.361654543986252297e-02
6.419598178004894129e-02 1.024973634586658633e-01 5.177231504431770159e-02
6.442089781010727767e-02 9.872804436739029965e-02 4.986839899310360064e-02
6.456513240109799934e-02 9.483514996789885187e-02 4.790206397253491538e-02
6.462111268713810475e-02 9.081270939894203753e-02 4.587029404835478441e-02
6.458013410413185329e-02 8.665411018836936818e-02 4.376974920302671018e-02
6.443211562321561614e-02 8.235200066084494286e-02 4.159671604101786158e-02
6.416528429267921718e-02 7.789817352395494998e-02 3.934704898712346882e-02
6.376576295731638255e-02 7.328342671566086264e-02 3.701609999929795364e-02
6.321702300746059877e-02 6.849739710438457196e-02 3.459863456911298207e-02
6.249914525177559937e-02 6.352836259269885322e-02 3.208873176260006177e-02
6.158780195950702002e-02 5.836300940215078531e-02 2.947966667377882946e-02
6.045282357986363209e-02 5.298616573033157473e-02 2.676377589251274086e-02
5.905612931582610720e-02 4.738051513720745178e-02 2.393231273343719712e-02
5.734865194205976402e-02 4.152633407171001795e-02 2.097531465834390207e-02
5.526561409905860617e-02 3.540137613611554768e-02 1.788154481710629157e-02
5.271898949101110760e-02 2.898122646778378969e-02 1.463867104899629554e-02
4.958493090590107566e-02 2.224098827575875931e-02 1.123411776707713278e-02
4.568174479935662585e-02 1.516070544678150417e-02 7.657804963943349447e-03
4.072929274760338225e-02 7.741729785360897120e-03 3.910415447879473511e-03
3.427156878781410787e-02 5.779475238177830820e-05 2.919263508105668717e-05
2.553969268392828479e-02 -7.573250564264674169e-03 -3.825315119259456616e-03
1.339221619511941040e-02 -1.400215707183334775e-02 -7.072612043482627911e-03
-2.204755823527349695e-03 -1.617428891041074873e-02 -8.169774839381990436e-03
-1.703398511453393938e-02 -1.212039084111089793e-02 -6.122115456553273508e-03
-2.790780581402231564e-02 -4.775261590344297147e-03 -2.412026408601571689e-03
-3.556783083658921624e-02 3.262090284880798247e-03 1.647710343300310635e-03
-4.114599546609673530e-02 1.115405998927988807e-02 5.634013288752470067e-03
-4.534344438441568342e-02 1.868975342877120596e-02 9.440357975697264217e-03
-4.857346352153556895e-02 2.583517980438131481e-02 1.304957535418375947e-02
-5.109142197494766918e-02 3.260643244285085784e-02 1.646979430435104030e-02
-5.306409556192792643e-02 3.903237794562983837e-02 1.971559559914875734e-02
-5.460584499284817928e-02 4.514306071764762063e-02 2.280215493036872113e-02
-5.579834655371172791e-02 5.096617084145320387e-02 2.574345880097018285e-02
-5.670193368701498260e-02 5.652619970108400949e-02 2.855187802330840310e-02
-5.736244399720467901e-02 6.184449999709158707e-02 3.123819803324923497e-02
-5.781553512567715741e-02 6.693962325540116221e-02 3.381178936884696173e-02
-5.808950885673751230e-02 7.182770972283526734e-02 3.628080460998454188e-02
-5.820721988876390030e-02 7.652285273399683785e-02 3.865236242327414751e-02
-5.818740275225037228e-02 8.103741498589374370e-02 4.093270731513711652e-02
-5.804561719916066093e-02 8.538229474093511628e-02 4.312734409326646895e-02
-5.779493648395161998e-02 8.956714702789232707e-02 4.524114959716759449e-02
-5.744645813751172309e-02 9.360056667900593097e-02 4.727846515180238879e-02
-5.700968952325577432e-02 9.749023983137269922e-02 4.924317309226532852e-02
-5.649284334416194292e-02 1.012430696650987172e-01 5.113876027522472334e-02
-5.590306726157430461e-02 1.048652811777978644e-01 5.296837100143857169e-02
-5.524662454477292234e-02 1.083625088997985514e-01 5.473485132147292570e-02
-5.452903780627384178e-02 1.117398706945576942e-01 5.644078631293664161e-02
-5.375520454866714731e-02 1.150020301675483275e-01 5.808853160375658520e-02
-5.292949093066085658e-02 1.181532497082803668e-01 5.968024016416634964e-02
-5.205580852022775179e-02 1.211974357933953278e-01 6.121788518969578652e-02
-5.113767762594083333e-02 1.241381778641545836e-01 6.270327973853045966e-02
-5.017827994169329203e-02 1.269787818421432291e-01 6.413809366058687012e-02
-4.918050260980129373e-02 1.297222991487850252e-01 6.552386825552342087e-02
-4.814697533814296659e-02 1.323715519362877180e-01 6.686202901711157942e-02
-4.708010185371196837e-02 1.349291551112578591e-01 6.815389675755642584e-02
-4.598208670641537599e-02 1.373975356306919582e-01 6.940069735407063123e-02
-4.485495823091233125e-02 1.397789494681136446e-01 7.060357031861876076e-02
-4.370058831484915224e-02 1.420754965811978077e-01 7.176357635819517744e-02
-4.252070949746043771e-02 1.442891341581184483e-01 7.288170406567023862e-02
-4.131692982472703890e-02 1.464216883755868337e-01 7.395887585887822580e-02
-4.009074580986771857e-02 1.484748648651589564e-01 7.499595326724084465e-02
-3.884355378623659261e-02 1.504502580543504164e-01 7.599374165004606219e-02
-3.757665989020151504e-02 1.523493595241874610e-01 7.695299441792023687e-02
-3.629128887163535905e-02 1.541735655040815944e-01 7.787441681855490627e-02
-3.498859189723479979e-02 1.559241836075745680e-01 7.875866933899046407e-02
-3.366965348543014824e-02 1.576024388979439250e-01 7.960637076940661749e-02
-3.233549768995645085e-02 1.592094793603941183e-01 8.041810096717399992e-02
-3.098709363127889749e-02 1.607463808471841782e-01 8.119440335468139369e-02
-2.962536046026518349e-02 1.622141515532365130e-01 8.193578718000492367e-02
-2.825117182619151304e-02 1.636137360722701994e-01 8.264272956569646000e-02
-2.686535991089449363e-02 1.649460190770891399e-01 8.331567736772936550e-02
-2.546871908226966755e-02 1.662118286621560026e-01 8.395504886386181975e-02
-2.406200921307312737e-02 1.674119393818495061e-01 8.456123528828717040e-02
-2.264595870486746723e-02 1.685470750137168516e-01 8.513460222737694039e-02
-2.122126725177454765e-02 1.696179110724941042e-01 8.567549088953446690e-02
-1.978860837429873357e-02 1.706250770975919206e-01 8.618421926062398708e-02
-1.834863174973749844e-02 1.715691587340633928e-01 8.666108315508568027e-02
-1.690196536249717260e-02 1.724506996247266721e-01 8.710635717166341496e-02
-1.544921749489390830e-02 1.732702031290576095e-01 8.752029556163237745e-02
-1.399097857667286338e-02 1.740281338826563107e-01 8.790313301649933797e-02
-1.252782290946337883e-02 1.747249192094910697e-01 8.825508538133938763e-02
-1.106031028065588770e-02 1.753609503977036355e-01 8.857635029921634429e-02
-9.588987479696902197e-03 1.759365838484952538e-01 8.886710779149516182e-02
-8.114389728517957395e-03 1.764521421064830786e-01 8.912752077828393904e-02
-6.637042036714732064e-03 1.769079147788999717e-01 8.935773554272979924e-02
-5.157460491150085875e-03 1.773041593500942481e-01 8.955788214242983714e-02
-3.676153488849986245e-03 1.776411018969527855e-01 8.972807477079759730e-02
-2.193622921377797082e-03 1.779189377101102199e-01 8.986841207084123040e-02
-7.103653182966018775e-04 1.781378318251069515e-01 8.997897740345614515e-02
7.731270431499996047e-04 1.782979194670110956e-01 9.005983907200731942e-02
2.256365055400102668e-03 1.783993064114130778e-01 9.011105050467091426e-02
3.738861718552123625e-03 1.784420692641316419e-01 9.013265039571623227e-02
5.220131092771024620e-03 1.784262556614270578e-01 9.012466280663510021e-02
6.699687259101316968e-03 1.783518843919951469e-01 9.008709722776216122e-02
8.177043282767360033e-03 1.782189454415094021e-01 9.001994860077347504e-02
9.651710173078033653e-03 1.780273999599798485e-01 8.992319730219922036e-02
1.112319583402537546e-02 1.777771801517028794e-01 8.979680908783634063e-02
