6.283185307179586787e-02 1.000000000000000000e+00
6.283185307179586787e-02 9.999999990929436811e-01
6.283185307179586787e-02 9.999999972230712020e-01
6.283185307179586787e-02 9.999999943910111710e-01
6.283185307179586787e-02 9.999999906011898254e-01
6.283185307179586787e-02 9.999999858618134896e-01
6.283185307179586787e-02 9.999999801848356018e-01
6.283185307179586787e-02 9.999999735859098626e-01
6.283185307179586787e-02 9.999999660843285065e-01
6.283185307179586787e-02 9.999999577029463627e-01
6.283185307179586787e-02 9.999999484680902606e-01
6.283185307179586787e-02 9.999999384094553356e-01
6.283185307179586787e-02 9.999999275599874560e-01
6.283185307179586787e-02 9.999999159557541040e-01
6.283185307179586787e-02 9.999999036358010462e-01
6.283185307179586787e-02 9.999998906419990119e-01
6.283185307179586787e-02 9.999998770188777142e-01
6.283185307179586787e-02 9.999998628134507683e-01
6.283185307179586787e-02 9.999998480750298402e-01
6.283185307179586787e-02 9.999998328550299131e-01
6.283185307179586787e-02 9.999998172067668945e-01
6.283185307179586787e-02 9.999998011852463398e-01
6.283185307179586787e-02 9.999997848469474038e-01
6.283185307179586787e-02 9.999997682495991302e-01
6.283185307179586787e-02 9.999997514519529673e-01
6.283185307179586787e-02 9.999997345135508420e-01
6.283185307179586787e-02 9.999997174944902367e-01
6.283185307179586787e-02 9.999997004551868240e-01
6.283185307179586787e-02 9.999996834561363235e-01
6.283185307179586787e-02 9.999996665576756927e-01
6.283185307179586787e-02 9.999996498197446515e-01
6.283185307179586787e-02 9.999996333016496486e-01
6.283185307179586787e-02 9.999996170618292712e-01
6.283185307179586787e-02 9.999996011576238741e-01
6.283185307179586787e-02 9.999995856450496490e-01
6.283185307179586787e-02 9.999995705785770239e-01
6.283185307179586787e-02 9.999995560109156134e-01
6.283185307179586787e-02 9.999995419928070506e-01
6.283185307179586787e-02 9.999995285728234817e-01
6.283185307179586787e-02 9.999995157971768300e-01
6.283185307179586787e-02 9.999995037095363859e-01
6.283185307179586787e-02 9.999994923508556122e-01
6.283185307179586787e-02 9.999994817592114948e-01
6.283185307179586787e-02 9.999994719696538858e-01
6.283185307179586787e-02 9.999994630140670582e-01
6.283185307179586787e-02 9.999994549210440287e-01
6.283185307179586787e-02 9.999994477157735373e-01
6.283185307179586787e-02 9.999994414199409043e-01
6.283185307179586787e-02 9.999994360516424319e-01
6.283185307179586787e-02 9.999994316253134619e-01
6.283185307179586787e-02 9.999994281516721983e-01
6.283185307179586787e-02 9.999994256376769641e-01
6.283185307179586787e-02 9.999994240864987782e-01
6.283185307179586787e-02 9.999994234975084773e-01
6.283185307179586787e-02 9.999994238662802681e-01
6.283185307179586787e-02 9.999994251846080484e-01
6.283185307179586787e-02 9.999994274405382688e-01
6.283185307179586787e-02 9.999994306184171178e-01
6.283185307179586787e-02 9.999994346989525829e-01
6.283185307179586787e-02 9.999994396592896129e-01
6.283185307179586787e-02 9.999994454731017113e-01
6.283185307179586787e-02 9.999994521106937428e-01
6.283185307179586787e-02 9.999994595391192842e-01
6.283185307179586787e-02 9.999994677223114081e-01
6.283185307179586787e-02 9.999994766212240149e-01
6.283185307179586787e-02 9.999994861939865975e-01
6.283185307179586787e-02 9.999994963960692207e-01
6.283185307179586787e-02 9.999995071804580471e-01
6.283185307179586787e-02 9.999995184978417440e-01
6.283185307179586787e-02 9.999995302968048838e-01
6.283185307179586787e-02 9.999995425240318925e-01
6.283185307179586787e-02 9.999995551245168812e-01
6.283185307179586787e-02 9.999995680417808064e-01
6.283185307179586787e-02 9.999995812180945132e-01
6.283185307179586787e-02 9.999995945947066645e-01
6.283185307179586787e-02 9.999996081120752223e-01
6.283185307179586787e-02 9.999996217101028151e-01
6.283185307179586787e-02 9.999996353283734374e-01
6.283185307179586787e-02 9.999996489063917027e-01
6.283185307179586787e-02 9.999996623838207643e-01
6.283185307179586787e-02 9.999996757007205694e-01
6.283185307179586787e-02 9.999996887977851134e-01
6.283185307179586787e-02 9.999997016165755870e-01
6.283185307179586787e-02 9.999997140997516354e-01
6.283185307179586787e-02 9.999997261912971780e-01
6.283185307179586787e-02 9.999997378367421197e-01
6.283185307179586787e-02 9.999997489833765130e-01
6.283185307179586787e-02 9.999997595804591688e-01
6.283185307179586787e-02 9.999997695794178298e-01
6.283185307179586787e-02 9.999997789340404619e-01
6.283185307179586787e-02 9.999997876006582187e-01
6.283185307179586787e-02 9.999997955383174153e-01
6.283185307179586787e-02 9.999998027089410657e-01
6.283185307179586787e-02 9.999998090774795401e-01
6.283185307179586787e-02 9.999998146120486764e-01
6.283185307179586787e-02 9.999998192840554578e-01
6.283185307179586787e-02 9.999998230683110334e-01
6.283185307179586787e-02 9.999998259431300829e-01
6.283185307179586787e-02 9.999998278904163040e-01
6.283185307179586787e-02 9.999998288957344661e-01
6.283185307179586787e-02 9.999998289483661429e-01
6.283185307179586787e-02 9.999998280413531226e-01
6.283185307179586787e-02 9.999998261715243864e-01
6.283185307179586787e-02 9.999998233395087643e-01
6.283185307179586787e-02 9.999998195497321607e-01
6.283185307179586787e-02 9.999998148104005669e-01
6.283185307179586787e-02 9.999998091334674211e-01
6.283185307179586787e-02 9.999998025345860908e-01
6.283185307179586787e-02 9.999997950330488106e-01
6.283185307179586787e-02 9.999997866517101874e-01
6.283185307179586787e-02 9.999997774168967180e-01
6.283185307179586787e-02 9.999997673583035374e-01
6.283185307179586787e-02 9.999997565088764029e-01
6.283185307179586787e-02 9.999997449046825748e-01
6.283185307179586787e-02 9.999997325847675977e-01
6.283185307179586787e-02 9.999997195910022008e-01
6.283185307179586787e-02 9.999997059679158751e-01
6.283185307179586787e-02 9.999996917625221249e-01
6.283185307179586787e-02 9.999996770241325050e-01
6.283185307179586787e-02 9.999996618041619989e-01
6.283185307179586787e-02 9.999996461559261807e-01
6.283185307179586787e-02 9.999996301344307170e-01
6.283185307179586787e-02 9.999996137961546516e-01
6.283185307179586787e-02 9.999995971988269172e-01
6.283185307179586787e-02 9.999995804011988509e-01
6.283185307179586787e-02 9.999995634628124908e-01
6.283185307179586787e-02 9.999995464437649861e-01
6.283185307179586787e-02 9.999995294044723426e-01
6.283185307179586787e-02 9.999995124054301687e-01
6.283185307179586787e-02 9.999994955069752001e-01
6.283185307179586787e-02 9.999994787690472675e-01
6.283185307179586787e-02 9.999994622509528197e-01
6.283185307179586787e-02 9.999994460111303329e-01
6.283185307179586787e-02 9.999994301069207170e-01
6.283185307179586787e-02 9.999994145943397195e-01
6.283185307179586787e-02 9.999993995278577685e-01
6.283185307179586787e-02 9.999993849601847007e-01
6.283185307179586787e-02 9.999993709420622601e-01
6.283185307179586787e-02 9.999993575220624820e-01
6.283185307179586787e-02 9.999993447463977336e-01
6.283185307179586787e-02 9.999993326587369724e-01
6.283185307179586787e-02 9.999993213000339942e-01
6.283185307179586787e-02 9.999993107083658961e-01
6.283185307179586787e-02 9.999993009187825299e-01
6.283185307179586787e-02 9.999992919631681687e-01
6.283185307179586787e-02 9.999992838701161624e-01
6.283185307179586787e-02 9.999992766648152509e-01
6.283185307179586787e-02 9.999992703689509765e-01
6.283185307179586787e-02 9.999992650006196415e-01
6.283185307179586787e-02 9.999992605742568097e-01
6.283185307179586787e-02 9.999992571005807962e-01
6.283185307179586787e-02 9.999992545865500349e-01
6.283185307179586787e-02 9.999992530353356557e-01
6.283185307179586787e-02 9.999992524463087173e-01
6.283185307179586787e-02 9.999992528150433158e-01
6.283185307179586787e-02 9.999992541333336815e-01
6.283185307179586787e-02 9.999992563892264874e-01
6.283185307179586787e-02 9.999992595670679219e-01
6.283185307179586787e-02 9.999992636475659724e-01
6.283185307179586787e-02 9.999992686078660320e-01
6.283185307179586787e-02 9.999992744216414930e-01
6.283185307179586787e-02 9.999992810591973313e-01
6.283185307179586787e-02 9.999992884875874566e-01
6.283185307179586787e-02 9.999992966707449416e-01
6.283185307179586787e-02 9.999993055696235755e-01
6.283185307179586787e-02 9.999993151423532955e-01
6.283185307179586787e-02 9.999993253444040553e-01
6.283185307179586787e-02 9.999993361287622395e-01
6.283185307179586787e-02 9.999993474461164045e-01
6.283185307179586787e-02 9.999993592450513447e-01
6.283185307179586787e-02 9.999993714722517080e-01
6.283185307179586787e-02 9.999993840727112726e-01
6.283185307179586787e-02 9.999993969899514390e-01
6.283185307179586787e-02 9.999994101662430523e-01
6.283185307179586787e-02 9.999994235428346645e-01
6.283185307179586787e-02 9.999994370601842375e-01
6.283185307179586787e-02 9.999994506581945108e-01
6.283185307179586787e-02 9.999994642764497010e-01
6.283185307179586787e-02 9.999994778544541996e-01
6.283185307179586787e-02 9.999994913318710488e-01
6.283185307179586787e-02 9.999995046487607508e-01
6.283185307179586787e-02 9.999995177458168572e-01
6.283185307179586787e-02 9.999995305646006694e-01
6.283185307179586787e-02 9.999995430477717218e-01
6.283185307179586787e-02 9.999995551393141557e-01
6.283185307179586787e-02 9.999995667847575431e-01
6.283185307179586787e-02 9.999995779313920474e-01
6.283185307179586787e-02 9.999995885284765906e-01
6.283185307179586787e-02 9.999995985274384713e-01
6.283185307179586787e-02 9.999996078820662104e-01
6.283185307179586787e-02 9.999996165486905175e-01
6.283185307179586787e-02 9.999996244863575967e-01
6.283185307179586787e-02 9.999996316569905730e-01
6.283185307179586787e-02 9.999996380255398165e-01
6.283185307179586787e-02 9.999996435601208322e-01
6.283185307179586787e-02 9.999996482321407143e-01
6.283185307179586787e-02 9.999996520164103897e-01
6.283185307179586787e-02 9.999996548912446492e-01
6.283185307179586787e-02 9.999996568385473017e-01
6.283185307179586787e-02 9.999996578438823391e-01
6.283185307179586787e-02 9.999996578965318905e-01
