 1882     -0.28     -0.36
 1883     -0.26     -0.36
 1884     -0.53     -0.41
 1885     -0.42     -0.47
 1886     -0.54     -0.49
 1887     -0.61     -0.42
 1888     -0.36     -0.44
 1889     -0.15     -0.45
 1890     -0.54     -0.43
 1891     -0.58     -0.46
 1892     -0.50     -0.51
 1893     -0.52     -0.47
 1894     -0.42     -0.42
 1895     -0.34     -0.37
 1896     -0.33     -0.36
 1897     -0.25     -0.34
 1898     -0.44     -0.30
 1899     -0.34     -0.27
 1900     -0.16     -0.29
 1901     -0.17     -0.28
 1902     -0.36     -0.32
 1903     -0.40     -0.36
 1904     -0.52     -0.37
 1905     -0.35     -0.41
 1906     -0.24     -0.41
 1907     -0.54     -0.39
 1908     -0.39     -0.39
 1909     -0.41     -0.41
 1910     -0.34     -0.37
 1911     -0.36     -0.36
 1912     -0.36     -0.30
 1913     -0.35     -0.25
 1914     -0.10     -0.24
 1915     -0.07     -0.26
 1916     -0.29     -0.28
 1917     -0.49     -0.29
 1918     -0.42     -0.32
 1919     -0.16     -0.29
 1920     -0.26     -0.23
 1921     -0.14     -0.20
 1922     -0.19     -0.21
 1923     -0.23     -0.20
 1924     -0.20     -0.18
 1925     -0.23     -0.17
 1926     -0.03     -0.15
 1927     -0.16     -0.17
 1928     -0.12     -0.16
 1929     -0.32     -0.17
 1930     -0.15     -0.16
 1931     -0.08     -0.19
 1932     -0.12     -0.14
 1933     -0.26     -0.16
 1934     -0.10     -0.16
 1935     -0.22     -0.13
 1936     -0.10     -0.07
 1937      0.01     -0.07
 1938      0.07     -0.01
 1939     -0.12      0.01
 1940      0.07      0.02
 1941      0.04      0.01
 1942      0.06      0.04
 1943      0.01      0.01
 1944      0.04     -0.01
 1945     -0.08     -0.01
 1946     -0.08     -0.02
 1947      0.06     -0.06
 1948     -0.07     -0.08
 1949     -0.11     -0.08
 1950     -0.21     -0.09
 1951     -0.06     -0.06
 1952     -0.01     -0.07
 1953      0.07     -0.05
 1954     -0.13     -0.08
 1955     -0.12     -0.07
 1956     -0.23     -0.07
 1957      0.04     -0.04
 1958      0.07     -0.02
 1959      0.03      0.04
 1960     -0.03      0.04
 1961      0.08      0.02
 1962      0.02     -0.03
 1963      0.02     -0.06
 1964     -0.26     -0.09
 1965     -0.17     -0.10
 1966     -0.07     -0.12
 1967     -0.01     -0.06
 1968     -0.08     -0.01
 1969      0.02     -0.02
 1970      0.07     -0.02
 1971     -0.08      0.04
 1972     -0.05      0.02
 1973      0.21      0.01
 1974     -0.04     -0.01
 1975      0.02      0.04
 1976     -0.18      0.03
 1977      0.20      0.07
 1978      0.13      0.14
 1979      0.20      0.26
 1980      0.33      0.24
 1981      0.42      0.29
 1982      0.12      0.29
 1983      0.37      0.26
 1984      0.20      0.22
 1985      0.18      0.28
 1986      0.24      0.30
 1987      0.39      0.33
 1988      0.47      0.39
 1989      0.36      0.45
 1990      0.50      0.41
 1991      0.50      0.36
 1992      0.21      0.37
 1993      0.24      0.37
 1994      0.37      0.37
 1995      0.54      0.43
 1996      0.47      0.54
 1997      0.52      0.58
 1998      0.82      0.58
 1999      0.55      0.62
 2000      0.54      0.66
 2001      0.65      0.65
 2002      0.76      0.67
 2003      0.75      0.73
 2004      0.67      0.75
 2005      0.84      0.77
 2006      0.75      0.75
 2007      0.84      0.77
 2008      0.63      0.78
 2009      0.77      0.78
 2010      0.91      0.77
