-1.16667
1.62608
4.04471
6.08923
7.75963
9.05593
9.97811
10.5262
10.7001
10.5
9.92574
8.97737
7.65488
5.95829
3.88758
1.44276
-1.37617
-4.56921
-8.13636
-12.0776
-16.393
-21.0825
-26.1461
-31.5838
-37.3956
-43.5816
-50.1416
-57.0758
-64.384
-72.0664
-80.1229
-88.5535
-97.3582
-106.537
-116.09
-126.017
-136.318
-146.993
-158.043
-169.466
-181.264
-193.436
-205.981
-218.901
-232.195
-245.864
-259.906
-274.322
-289.113
-304.277
-319.816
-335.729
-352.016
-368.677
-385.712
-403.121
-420.905
-439.062
-457.594
-476.5
-495.779
-515.433
-535.461
-555.864
-576.64
-597.79
-619.315
-641.213
-663.486
-686.133
-709.154
-732.549
-756.318
-780.461
-804.979
-829.87
-855.136
-880.776
-906.79
-933.178
-959.94
-987.076
-1014.59
-1042.47
-1070.73
-1099.36
-1128.37
-1157.75
-1187.5
-1217.63
-1248.14
-1279.01
-1310.27
-1341.89
-1373.89
-1406.26
-1439.01
-1472.13
-1505.63
-1539.5
